W+0_RB1in_S04_Backward 87.3265 1.45591 0
W+0_RB1in_S04_Forward 89.3469 1.23019 5.55556
W+0_RB1in_S05_Backward 71.7586 2.34083 10
W+0_RB1in_S05_Forward 86.7382 1.62924 11.1111
W+0_RB1in_S06_Backward 84.6171 3.02005 0
W+0_RB1in_S06_Forward 87.6135 2.75189 5.55556
W+0_RB1in_S07_Backward 73.9962 3.57806 0
W+0_RB1in_S07_Forward 80.0557 3.18135 0
W+0_RB1in_S08_Backward 89.8167 2.28833 5.55556
W+0_RB1in_S08_Forward 91.6421 2.03441 0
W+0_RB1in_S09_Backward 90.6038 1.84814 31.1111
W+0_RB1in_S09_Forward 84.6588 2.25203 17.7778
W+0_RB1out_S04_Backward 88.7255 1.48675 7.14286
W+0_RB1out_S04_Forward 86.9219 1.29439 13.0952
W+0_RB1out_S05_Backward 87.2167 1.69878 5.95238
W+0_RB1out_S05_Forward 82.9103 1.70314 5.95238
W+0_RB1out_S06_Backward 85.0392 2.45273 5.95238
W+0_RB1out_S06_Forward 84.8281 2.33225 17.8571
W+0_RB1out_S07_Backward 79.9398 2.91538 8.33333
W+0_RB1out_S07_Forward 77.1727 2.95833 10.7143
W+0_RB1out_S08_Backward 80.1066 3.12344 0
W+0_RB1out_S08_Forward 90.8372 2.31672 3.57143
W+0_RB1out_S09_Backward 84.4955 2.78102 22.619
W+0_RB1out_S09_Forward 88.3198 1.83269 5.95238
W+0_RB2in_S04_Backward 83.9365 1.81421 34.4444
W+0_RB2in_S04_Middle 83.9561 1.61031 10
W+0_RB2in_S04_Forward 84.3612 1.6132 4.44444
W+0_RB2in_S05_Backward 86.9837 1.87592 0
W+0_RB2in_S05_Middle 87.5003 1.69564 0
W+0_RB2in_S05_Forward 88.4977 1.62569 36.6667
W+0_RB2in_S06_Backward 84.1727 3.45716 0
W+0_RB2in_S06_Middle 84.7478 3.11892 5.55556
W+0_RB2in_S06_Forward 87.5995 2.78954 10
W+0_RB2in_S07_Backward 79.82 4.48677 0
W+0_RB2in_S07_Middle 74.0792 4.27191 8.88889
W+0_RB2in_S07_Forward 86.5337 3.82865 20
W+0_RB2in_S08_Backward 87.7563 2.74907 3.33334
W+0_RB2in_S08_Middle 86.5923 2.59272 11.1111
W+0_RB2in_S08_Forward 92.278 1.86844 6.66667
W+0_RB2in_S09_Backward 88.1164 2.62995 0
W+0_RB2in_S09_Middle 84.6304 2.48812 0
W+0_RB2in_S09_Forward 86.647 2.2549 33.3333
W+0_RB2out_S04_Backward 92.4253 1.31494 8.33333
W+0_RB2out_S04_Forward 94.4161 0.918403 0
W+0_RB2out_S05_Backward 84.2822 1.56605 7.14286
W+0_RB2out_S05_Forward 85.0573 1.99409 27.381
W+0_RB2out_S06_Backward 72.7914 3.21997 0
W+0_RB2out_S06_Forward 68.9051 2.98777 10.7143
W+0_RB2out_S07_Backward 81.5212 2.99316 8.33333
W+0_RB2out_S07_Forward 94.3925 1.92443 92.8571
W+0_RB2out_S08_Backward 0 0 100
W+0_RB2out_S08_Forward 0 0 100
W+0_RB2out_S09_Backward 86.8088 1.93116 3.57143
W+0_RB2out_S09_Forward 87.3158 1.74457 10.7143
W+0_RB3-_S04_Backward 34.3522 0.817863 23.8095
W+0_RB3-_S04_Forward 33.7264 0.698828 23.8095
W+0_RB3-_S05_Backward 32.5693 1.01561 11.9048
W+0_RB3-_S05_Forward 31.7774 0.616441 11.9048
W+0_RB3-_S06_Backward 87.4631 3.4326 9.52381
W+0_RB3-_S06_Forward 86.7795 2.79993 0
W+0_RB3-_S07_Backward 78.1543 3.95475 9.52381
W+0_RB3-_S07_Forward 77.048 3.74039 19.0476
W+0_RB3-_S08_Backward 93.5312 1.5119 19.0476
W+0_RB3-_S08_Forward 92.7479 1.61387 9.52381
W+0_RB3-_S09_Backward 86.4833 1.69774 21.4286
W+0_RB3-_S09_Forward 89.6337 1.38896 26.1905
W+0_RB3+_S04_Backward 0.00972443 0 100
W+0_RB3+_S04_Forward 15.0931 0.437315 92.8571
W+0_RB3+_S05_Backward 28.1519 1.09951 0
W+0_RB3+_S05_Forward 25.7964 0.861133 35.7143
W+0_RB3+_S06_Backward 85.5966 3.20071 0
W+0_RB3+_S06_Forward 82.5345 3.151 7.14286
W+0_RB3+_S07_Backward 75.7364 3.73569 16.6667
W+0_RB3+_S07_Forward 85.9181 3.09457 30.9524
W+0_RB3+_S08_Backward 89.1271 1.82272 92.8571
W+0_RB3+_S08_Forward 91.9292 1.50527 52.381
W+0_RB3+_S09_Backward 84.1416 2.0658 7.14286
W+0_RB3+_S09_Forward 86.1425 1.81197 23.8095
W+0_RB4--_S04_Backward 78.7258 15.0632 83.3333
W+0_RB4--_S04_Forward 83.3597 9.31813 77.7778
W+0_RB4-_S05_Backward 85.8187 2.10967 0
W+0_RB4-_S05_Forward 82.5431 1.97254 6.25
W+0_RB4-_S06_Backward 84.8829 4.12197 0
W+0_RB4-_S06_Forward 82.0796 4.15624 0
W+0_RB4-_S07_Backward 85.3147 6.10632 77.0833
W+0_RB4-_S07_Forward 83.0223 6.17419 10.4167
W+0_RB4-_S08_Backward 77.1589 4.05176 14.5833
W+0_RB4-_S08_Forward 83.0541 3.3834 29.1667
W+0_RB4_S09_Backward 80.5112 2.49237 14.5833
W+0_RB4_S09_Forward 77.297 2.45693 8.33333
W+0_RB4-+_S04_Backward 81.0646 1.79784 47.2222
W+0_RB4-+_S04_Forward 79.068 2.69471 0
W+0_RB4+_S05_Backward 84.3303 8.09797 45.8333
W+0_RB4+_S05_Forward 83.8757 8.31851 41.6667
W+0_RB4+_S06_Backward 74.3514 13.3074 43.75
W+0_RB4+_S06_Forward 79.4085 10.3658 52.0833
W+0_RB4+_S07_Backward 84.1371 9.06125 25
W+0_RB4+_S07_Forward 84.2716 10.4353 22.9167
W+0_RB4+_S08_Backward 80.5561 3.68089 38.8889
W+0_RB4+_S08_Forward 79.1562 3.86323 11.1111
W+0_RB4+-_S04_Backward 100 0 97.2222
W+0_RB4+-_S04_Forward 85.1852 17.0481 75
W+0_RB4++_S04_Backward 100 0 100
W+0_RB4++_S04_Forward 100 0 100
