W+0_RB1in_S04_Backward 90.2862 1.39035 0
W+0_RB1in_S04_Forward 91.9361 1.19634 5.55556
W+0_RB1in_S05_Backward 75.704 2.68419 10
W+0_RB1in_S05_Forward 91.0021 1.50079 11.1111
W+0_RB1in_S06_Backward 85.7943 3.30199 0
W+0_RB1in_S06_Forward 89.6026 2.90576 5.55556
W+0_RB1in_S07_Backward 79.4536 3.66348 0
W+0_RB1in_S07_Forward 84.9785 3.20103 0
W+0_RB1in_S08_Backward 92.8346 2.20502 5.55556
W+0_RB1in_S08_Forward 93.8842 1.88327 0
W+0_RB1in_S09_Backward 93.5741 1.68101 31.1111
W+0_RB1in_S09_Forward 88.5082 2.16462 17.7778
W+0_RB1out_S04_Backward 89.5227 1.48262 7.14286
W+0_RB1out_S04_Forward 89.5628 1.32738 13.0952
W+0_RB1out_S05_Backward 90.8798 1.62481 5.95238
W+0_RB1out_S05_Forward 89.4249 1.56124 5.95238
W+0_RB1out_S06_Backward 86.7645 2.47374 5.95238
W+0_RB1out_S06_Forward 88.8267 2.21112 17.8571
W+0_RB1out_S07_Backward 87.4546 2.63579 8.33333
W+0_RB1out_S07_Forward 83.9471 2.83598 10.7143
W+0_RB1out_S08_Backward 84.4233 2.79384 0
W+0_RB1out_S08_Forward 92.6253 2.35782 3.57143
W+0_RB1out_S09_Backward 87.8454 2.35542 22.619
W+0_RB1out_S09_Forward 89.1737 1.92458 5.95238
W+0_RB2in_S04_Backward 88.028 1.75463 34.4444
W+0_RB2in_S04_Middle 88.1337 1.54675 10
W+0_RB2in_S04_Forward 89.4778 1.4903 4.44444
W+0_RB2in_S05_Backward 90.2792 1.78667 0
W+0_RB2in_S05_Middle 90.5823 1.6618 0
W+0_RB2in_S05_Forward 91.5025 1.60223 36.6667
W+0_RB2in_S06_Backward 89.1425 3.27567 0
W+0_RB2in_S06_Middle 87.7422 3.19 5.55556
W+0_RB2in_S06_Forward 91.7933 2.62084 8.88889
W+0_RB2in_S07_Backward 85.0017 4.52179 0
W+0_RB2in_S07_Middle 80.6679 4.16013 8.88889
W+0_RB2in_S07_Forward 89.4103 3.88742 20
W+0_RB2in_S08_Backward 88.6644 2.90184 3.33334
W+0_RB2in_S08_Middle 88.9017 2.92879 11.1111
W+0_RB2in_S08_Forward 93.145 1.95821 6.66667
W+0_RB2in_S09_Backward 90.1475 2.59203 0
W+0_RB2in_S09_Middle 88.0225 2.36413 0
W+0_RB2in_S09_Forward 91.1092 2.03393 33.3333
W+0_RB2out_S04_Backward 94.5642 1.24312 8.33333
W+0_RB2out_S04_Forward 95.9514 1.09999 0
W+0_RB2out_S05_Backward 90.5584 1.3945 7.14286
W+0_RB2out_S05_Forward 89.548 1.99932 27.381
W+0_RB2out_S06_Backward 81.9363 3.01846 0
W+0_RB2out_S06_Forward 78.6086 2.90345 10.7143
W+0_RB2out_S07_Backward 84.961 3.1195 8.33333
W+0_RB2out_S07_Forward 96.0206 1.78751 92.8571
W+0_RB2out_S08_Backward 0 0 100
W+0_RB2out_S08_Forward 0 0 100
W+0_RB2out_S09_Backward 90.8714 1.77947 3.57143
W+0_RB2out_S09_Forward 90.7091 1.77888 10.7143
W+0_RB3-_S04_Backward 35.9052 0.794525 23.8095
W+0_RB3-_S04_Forward 35.1742 0.699969 23.8095
W+0_RB3-_S05_Backward 34.7817 0.974985 11.9048
W+0_RB3-_S05_Forward 32.5604 0.607878 11.9048
W+0_RB3-_S06_Backward 91.2911 2.82923 9.52381
W+0_RB3-_S06_Forward 90.5025 3.03329 0
W+0_RB3-_S07_Backward 83.3029 3.84692 9.52381
W+0_RB3-_S07_Forward 83.0431 3.61727 19.0476
W+0_RB3-_S08_Backward 95.7418 1.35199 19.0476
W+0_RB3-_S08_Forward 94.2194 1.63942 9.52381
W+0_RB3-_S09_Backward 91.4592 1.51109 21.4286
W+0_RB3-_S09_Forward 93.1555 1.23869 26.1905
W+0_RB3+_S04_Backward 0.00351692 0 100
W+0_RB3+_S04_Forward 16.5875 0.506855 92.8571
W+0_RB3+_S05_Backward 30.4923 1.02374 0
W+0_RB3+_S05_Forward 27.3793 0.743659 35.7143
W+0_RB3+_S06_Backward 85.9235 3.49221 0
W+0_RB3+_S06_Forward 86.1211 3.17001 7.14286
W+0_RB3+_S07_Backward 81.1996 3.73347 16.6667
W+0_RB3+_S07_Forward 90.6299 2.84099 30.9524
W+0_RB3+_S08_Backward 92.9928 1.65973 92.8571
W+0_RB3+_S08_Forward 93.5734 1.51023 52.381
W+0_RB3+_S09_Backward 89.2581 1.92341 7.14286
W+0_RB3+_S09_Forward 91.5396 1.56982 23.8095
W+0_RB4--_S04_Backward 95.4861 8.5036 77.7778
W+0_RB4--_S04_Forward 82.0668 10.9545 77.7778
W+0_RB4-_S05_Backward 89.4306 2.08075 0
W+0_RB4-_S05_Forward 88.5286 1.79992 6.25
W+0_RB4-_S06_Backward 85.5225 4.40704 0
W+0_RB4-_S06_Forward 86.5035 3.98083 0
W+0_RB4-_S07_Backward 89.1363 6.14952 77.0833
W+0_RB4-_S07_Forward 89.7955 5.37762 10.4167
W+0_RB4-_S08_Backward 83.3236 3.95475 14.5833
W+0_RB4-_S08_Forward 88.5392 3.09446 29.1667
W+0_RB4_S09_Backward 80.9934 2.66272 14.5833
W+0_RB4_S09_Forward 77.0701 2.60504 8.33333
W+0_RB4-+_S04_Backward 84.8942 1.82657 47.2222
W+0_RB4-+_S04_Forward 83.7475 2.74716 0
W+0_RB4+_S05_Backward 89.6629 5.64366 52.0833
W+0_RB4+_S05_Forward 89.7623 6.41709 41.6667
W+0_RB4+_S06_Backward 86.2437 9.66139 43.75
W+0_RB4+_S06_Forward 85.2262 8.48059 45.8333
W+0_RB4+_S07_Backward 90.5933 7.62784 22.9167
W+0_RB4+_S07_Forward 87.0453 9.20611 20.8333
W+0_RB4+_S08_Backward 86.53 3.55278 38.8889
W+0_RB4+_S08_Forward 84.8872 3.56163 11.1111
W+0_RB4+-_S04_Backward 100 0 94.4444
W+0_RB4+-_S04_Forward 78.4091 18.9758 75
W+0_RB4++_S04_Backward 80 0 100
W+0_RB4++_S04_Forward 0 0 100
