24.2526
27.1143
24.6328
24.2582
25.8165
25.2579
23.3804
25.493
23.3455
25.8819
26.8302
24.3774
26.8424
24.9979
24.8551
23.7277
24.4251
23.4138
24.685
26.6426
24.8413
24.6486
23.7289
25.0804
24.6018
26.0388
26.8504
25.2977
24.3487
26.0453
27.3168
25.5253
26.2591
25.1758
24.19
25.423
27.1315
24.8396
24.4527
25.1557
24.161
24.5592
23.1297
25.2353
25.3094
24.8621
25.2058
25.6121
24.7109
25.2383
25.136
26.2041
26.4959
24.5548
25.4956
25.9019
25.0128
25.3465
26.4882
26.8169
24.6755
23.2388
27.289
25.1132
24.6944
24.9258
25.0857
24.1759
23.2055
25.2404
24.6076
24.4616
25.2446
24.4154
23.6925
25.9378
25.2193
24.4961
25.5872
24.3513
24.0996
25.7129
26.2238
25.2457
24.9179
25.5814
23.4169
24.5301
23.6804
26.2936
24.6918
26.8305
26.1125
25.8571
25.5398
24.5088
25.7397
25.3339
24.7092
23.5844
24.5236
26.9229
25.0675
25.39
23.9833
26.7567
24.7825
24.1724
26.0834
24.9518
23.1799
27.1623
25.2752
26.3435
24.7585
24.9641
25.1894
23.5462
25.2951
24.336
25.4386
24.991
24.7481
24.677
24.3616
26.885
24.5609
25.1802
23.3301
24.0687
23.5773
25.5039
24.0653
24.5749
25.8497
24.3253
23.212
24.8011
24.7864
26.6706
27.12
25.3037
25.7399
27.0751
25.6123
23.7422
26.2941
25.5355
24.5177
22.9418
22.018
25.2001
25.1657
23.7788
23.9015
23.8402
24.0824
24.6359
23.9404
24.6975
23.5246
24.4031
25.3776
24.391
23.0541
26.4415
24.9877
25.1307
24.3551
25.4486
25.4954
25.1444
24.5642
25.3738
25.2646
25.603
26.6877
24.9901
24.8971
24.5338
26.2419
23.8157
24.0075
23.3348
24.0058
27.0694
27.4559
23.5234
25.0552
25.248
25.8419
25.6541
23.1763
25.1414
25.1488
24.0197
24.6965
24.9213
23.1122
24.8299
24.553
23.8391
24.4007
25.5786
24.6403
25.8855
25.3721
24.5759
25.2876
24.064
25.117
24.9478
24.0988
25.9108
26.7996
25.2547
23.8485
24.7596
24.8109
26.0294
24.7141
25.8497
26.0042
25.4082
23.8931
25.1656
26.9529
23.2886
25.2758
26.2201
25.3563
27.1817
26.9164
23.9922
25.9646
24.9998
26.5319
25.3195
26.1741
24.052
24.6765
25.0072
26.7277
25.9489
24.3411
24.0708
24.2675
25.7967
26.3172
25.3812
26.9284
24.4218
25.2636
26.9598
23.6224
24.0734
23.9001
24.522
24.6609
25.6783
24.5457
26.0397
26.6145
24.502
24.4773
25.3839
24.139
23.2905
25.8533
24.7622
24.4785
24.512
25.1374
25.0461
24.6189
24.3314
22.6099
22.1306
23.8418
25.029
24.8494
24.9533
25.6518
24.3348
25.9456
25.7436
24.8936
24.6099
25.1931
25.6798
25.9241
26.4725
24.769
23.2366
25.0531
24.3264
25.1838
24.4573
25.8318
26.9808
24.5284
24.043
23.992
24.8524
25.2197
26.5235
24.8373
25.1557
26.0901
23.8091
24.6029
26.4147
23.9361
25.9473
25.8517
25.7489
26.4532
28.163
24.6618
23.7999
24.9155
25.8775
26.5597
23.2708
25.3356
24.8372
24.8749
24.3995
25.2143
23.6349
25.1503
25.2686
25.3411
24.256
25.4177
25.9448
25.0206
23.9176
24.8163
25.4272
24.9213
23.6234
26.8034
25.6134
25.0215
24.7746
25.3043
26.8922
26.5109
25.999
26.111
24.2823
25.6756
24.8804
25.0157
26.0633
24.7974
24.7312
25.8033
26.4056
24.3412
24.3848
23.7865
25.1297
24.1571
27.109
25.9449
25.6588
24.0558
25.2251
25.6764
23.3857
25.2759
26.0411
27.0336
25.247
26.8906
24.9632
23.5275
24.463
25.6473
25.1988
25.0712
23.9262
25.1618
25.0852
25.5182
23.4705
24.3556
25.3117
23.7063
24.4401
25.6967
25.4516
25.704
24.2314
25.4605
25.3454
25.664
24.3862
26.2419
25.6752
26.3795
25.8922
25.1586
25.158
25.0823
25.4978
24.8078
23.9183
26.1604
26.3418
24.676
25.5793
24.4272
23.1669
24.9803
28.1937
25.1227
26.8448
24.6143
26.0726
24.603
23.5334
24.4827
24.9821
24.9577
24.6876
25.2735
25.4131
26.4292
25.6546
25.3522
23.2558
24.6552
23.216
22.5541
26.712
24.031
24.097
24.4602
24.7826
25.2663
25.3099
26.0412
24.5561
24.2969
26.02
23.933
26.6019
25.7025
24.4349
25.9059
26.6899
23.8904
26.0928
24.1688
22.6961
24.0196
25.9371
24.9887
25.1609
24.785
25.0966
25.7532
24.5362
25.0348
24.4578
24.3714
26.3712
24.5047
24.6431
25.8852
25.5697
26.6625
24.1524
27.4665
24.9164
25.5811
23.3321
24.9048
24.7301
25.354
23.8985
25.2982
24.3158
26.1399
24.3293
26.6136
24.102
25.1049
26.1357
24.8131
26.5139
24.1634
24.4554
24.0216
24.4861
23.8367
24.8828
24.3271
25.0198
26.9009
25.1703
23.4327
25.5612
24.7784
25.4615
24.946
24.7638
26.3783
23.3405
25.9476
23.7032
24.3217
26.555
25.6348
24.6936
26.2487
23.051
23.2011
25.8121
25.0081
25.3845
24.9273
27.8323
24.8274
27.8462
24.7497
22.7771
24.1554
27.3677
22.9717
24.2682
24.1733
24.5393
25.5499
24.9383
25.2498
24.5596
23.7478
25.7713
25.8573
24.8174
24.6454
25.0045
25.0857
25.3142
24.6533
26.8173
26.1889
25.0769
26.3935
24.712
25.7285
24.6505
25.6451
25.4158
24.7812
24.6905
24.4068
26.2644
25.0342
25.6515
24.1972
25.2793
24.7015
25.4803
22.9969
24.5862
25.0425
27.161
25.4138
26.6274
24.2301
25.2352
23.9366
24.9128
23.0975
25.3202
24.9598
26.2057
25.5466
23.9882
25.44
25.586
26.9471
25.6353
24.5392
25.3427
23.7871
24.5749
25.3762
24.9893
25.5876
26.7276
25.608
24.4327
25.5273
24.3029
24.8573
22.8424
24.4998
24.6775
25.0131
24.8659
26.5158
25.0436
25.7107
24.198
27.4537
26.1305
25.0109
25.5403
26.008
25.4565
26.1918
25.6005
23.7133
24.2275
25.9415
26.5487
24.1054
25.7483
25.2938
24.1249
25.673
26.3282
25.8139
25.4743
24.4021
24.3605
24.6792
24.5661
24.4997
24.9592
25.049
24.4315
25.8494
27.0273
24.6644
24.6705
24.2977
26.672
24.3047
25.1029
24.9642
26.072
24.5486
24.1104
25.5157
24.9201
24.9616
25.4959
22.8434
25.5615
24.0409
25.67
24.6905
23.7534
24.2882
25.2924
25.9571
24.1449
25.1122
26.5481
26.0265
24.9803
24.6837
23.4942
25.8204
25.4308
23.8217
27.2008
24.5503
25.4818
24.8972
24.595
24.4262
24.3322
25.5015
26.873
24.8072
24.6512
24.9623
26.7192
25.6081
25.5033
25.9424
23.7134
24.8888
24.5605
25.5287
24.7535
25.1967
26.0462
26.16
24.2576
24.8707
24.0527
24.4085
25.1892
24.7372
23.8448
25.183
23.6561
25.1091
24.1047
25.089
26.2302
23.7257
25.6928
25.4484
24.121
23.5464
25.8916
26.4403
25.7359
24.7269
23.9091
25.4831
27.3666
25.3508
24.8851
25.0508
24.1741
24.9302
25.2963
24.2449
24.0167
24.4732
23.2808
24.0184
24.3186
23.4657
25.1095
24.6334
25.2831
24.4772
23.9346
24.828
25.8174
25.0425
26.0488
24.965
23.8066
22.8774
23.8873
24.0861
24.2942
25.5896
23.7167
23.4605
25.3946
26.168
25.31
26.1517
25.96
26.4709
24.2956
24.8639
25.8073
25.9569
24.1171
26.5458
24.7931
24.863
23.1762
25.7248
26.7426
25.0599
23.6737
22.6099
24.0263
24.5661
24.0507
25.2238
24.5234
24.5891
25.417
25.0606
25.1509
25.4146
26.2397
24.0417
24.2077
26.2472
24.8101
26.2978
23.267
24.3082
25.4569
25.8441
24.6098
27.7662
24.4261
24.8768
24.8425
23.4515
24.4253
25.3563
23.8546
23.921
23.9929
24.4215
25.4395
27.5872
25.7786
24.8093
24.6359
24.8197
25.0889
23.2294
24.6162
26.452
25.046
22.9884
24.8636
26.6979
25.4032
24.3579
24.7753
25.944
25.678
24.7222
24.4428
26.3479
26.5493
24.8801
27.0663
26.2659
25.5055
22.3927
25.7497
23.7962
27.2378
23.9747
25.7744
28.6689
26.0088
24.8838
25.0753
25.1872
25.5899
24.8412
24.615
24.8448
24.459
24.8375
26.4152
24.8149
25.6732
25.0343
24.2836
23.5196
25.0948
23.6409
25.2646
25.7334
25.8083
24.7861
23.9996
25.9129
22.3779
25.1629
26.5052
25.0062
23.2987
24.503
24.2083
24.2163
25.5636
24.4133
24.8489
25.6339
25.4435
23.6972
26.438
24.5658
24.6588
23.4865
23.9964
25.3835
25.1351
22.9014
24.1751
25.2618
24.9385
25.0983
24.7383
25.4328
24.9382
26.4605
24.6645
24.3983
25.1365
25.807
24.1248
26.9096
24.2338
25.6442
26.7546
23.3255
24.3201
25.3722
26.2488
25.008
26.1396
24.1278
23.4976
24.1636
27.5563
25.2983
25.356
25.1819
24.7558
25.9155
24.9677
25.5511
25.8051
24.7536
25.4574
25.1639
25.7209
26.1728
23.929
23.8961
24.6354
24.5345
25.4179
24.9059
24.3826
24.6749
25.1991
24.8597
26.0083
27.3116
25.2885
26.3047
25.7958
25.277
23.8498
24.9035
25.8315
26.378
24.8819
23.8434
24.4399
25.1928
23.8721
25.3849
26.1031
26.1779
26.1709
25.2998
25.5236
24.5049
23.7092
25.5265
25.3784
24.8962
24.0909
25.8991
25.6103
25.9984
25.0967
24.6017
24.8351
25.2849
25.9696
24.6684
25.5994
25.4855
24.8
24.4967
23.8181
25.7527
25.9133
27.4543
25.7247
23.5588
25.4951
23.4686
24.8598
24.3206
24.6339
25.6066
24.7339
25.5496
25.1392
26.475
24.2184
26.5868
26.5213
24.3795
24.6381
23.7581
24.7474
22.8437
26.0649
25.0091
24.2126
25.2781
24.3018
24.6493
26.6111
25.8567
25.5063
23.8874
24.9864
24.219
25.5527
23.6345
24.9228
24.8559
26.3775
25.2497
25.2634
26.5288
24.4131
25.316
25.7646
23.759
23.6066
23.6882
24.1742
26.7175
24.2919
25.3983
25.2896
23.4275
25.5369
25.0033
24.964
25.25
24.1307
23.8474
25.7453
25.2176
24.7922
25.2449
25.4412
23.9622
23.8594
24.8015
23.2893
25.6942
22.8337
23.8928
23.9364
23.621
23.7737
23.3466
25.4433
25.3069
24.6855
24.5002
26.9208
23.043
25.72
24.5367
25.5178
25.1243
24.5757
26.7217
23.8631
26.4252
24.9628
22.9143
23.4075
24.0998
22.9571
24.5151
25.0446
23.6561
25.0052
26.6775
22.8706
24.389
26.6003
27.0247
24.9639
25.2851
24.9422
26.3172
25.5737
24.6815
25.7657
24.8408
24.3639
24.2141
24.7366
26.4775
27.446
25.2869
25.5578
25.5681
25.6641
25.3877
24.5551
23.1113
24.7678
24.2573
25.3511
23.8683
27.3033
26.4639
24.6619
24.0908
24.82
23.7667
25.3785
25.4849
24.545
22.4361
24.7242
25.8039
25.4077
23.9723
25.7955
25.6215
25.8833
26.0208
24.4796
25.2395
26.421
25.0104
23.9202
25.4658
25.2339
24.7747
25.2029
25.3379
26.6622
25.6741
25.2607
24.7854
25.2919
24.9289
24.7192
25.4459
22.8237
24.639
24.3548
24.0487
24.5138
22.1475
26.6029
23.1759
25.8728
23.5982
23.9394
26.7319
24.0457
25.0851
26.102
22.714
25.774
22.8862
23.7449
24.1596
25.6154
23.7567
25.0668
25.8204
24.9214
25.5897
24.1294
25.1456
25.0302
25.9117
24.6371
23.6575
24.0801
24.8508
23.6079
25.7949
24.3487
23.5538
23.6397
24.0616
23.5172
25.1343
26.2399
24.1529
23.9043
26.332
25.1604
26.7595
25.0126
26.1537
25.4746
25.5565
25.8056
25.772
26.2848
25.1731
25.9362
25.6719
24.5615
25.3875
24.5432
26.1923
26.0083
25.1594
22.2933
25.6234
26.3618
23.9641
24.7049
24.1967
24.2658
26.4601
26.2724
23.71
24.1819
24.4927
25.8001
27.0562
25.1176
26.6261
25.285
26.5515
25.0651
24.6173
25.1744
24.2847
24.6776
25.0896
23.7328
26.0501
24.1742
24.1376
26.584
24.4638
26.341
25.4881
24.6704
25.8499
25.3284
24.7411
27.1986
25.8221
25.8219
25.2618
24.3753
26.0194
21.9996
22.8479
24.899
25.5211
24.9675
25.9096
27.4429
25.4266
24.5488
26.3556
27.052
25.8294
26.1983
25.3541
24.1905
23.0158
24.4653
26.2682
26.1994
25.7075
25.4506
23.474
24.5473
24.1365
25.1836
25.0824
25.4078
26.3871
26.2086
25.1005
25.7496
25.2385
25.7258
25.4557
25.378
24.6457
24.7254
24.773
25.0003
25.8866
24.5525
24.3158
25.4754
25.3251
24.2996
26.394
24.7734
25.6236
27.0398
25.3022
25.7771
22.7137
25.4749
25.6786
25.4718
24.6681
25.3138
27.0428
23.9649
24.3225
25.0486
24.1606
24.6491
26.5253
25.1817
26.6172
25.8538
23.5499
25.3855
24.1921
25.2195
25.173
25.0505
26.1797
24.0736
25.3229
25.584
25.2502
24.7897
25.2672
26.4008
24.6626
24.1622
23.6016
27.5348
25.5272
25.9674
25.0778
24.8099
25.883
26.0475
25.143
25.6581
25.2174
26.3259
25.3567
24.7853
25.0903
23.8197
25.6503
24.5445
24.0676
24.8791
24.8278
26.2526
25.1024
23.5943
25.0975
24.6506
24.1705
25.1073
24.5718
23.4361
25.8151
25.2408
25.1986
24.5365
24.5135
24.8636
25.1168
24.7688
25.5413
26.1017
26.1342
26.0013
26.6241
26.4275
24.5118
24.1888
24.2265
26.3675
24.3917
24.0928
23.995
25.1435
24.9095
24.6763
25.3393
24.3168
24.8854
24.6582
26.813
25.4194
24.7969
25.4532
25.97
25.9387
25.2843
24.5982
26.6905
25.5353
25.5659
24.681
26.9615
24.5493
25.5386
24.922
25.3568
24.5698
24.0052
24.0921
25.479
26.3402
25.0118
25.4976
22.7745
24.826
25.2081
25.3417
24.0571
25.4127
23.4125
25.172
25.0292
24.405
24.1602
24.8652
25.7264
24.0391
26.6419
25.8565
24.4506
23.338
23.9359
27.2787
25.8185
24.0587
24.177
26.5676
24.7372
23.3807
25.6841
24.6019
26.3942
26.8
25.7871
25.4285
24.6858
26.6902
25.0725
23.5599
24.6783
25.1858
24.761
27.1061
25.5257
24.1996
26.228
23.6212
26.6284
25.9622
22.602
22.5183
24.8041
24.0693
25.4417
26.8744
23.759
25.4461
25.7461
25.1347
24.4822
24.9501
25.7667
26.2996
24.2201
24.4769
24.5187
26.1733
23.9247
25.517
25.5521
25.0463
25.6773
25.4269
25.3919
23.6373
25.37
23.5821
26.4706
25.1349
25.5167
24.6646
23.5395
25.2454
26.575
24.4023
25.2101
26.4369
26.2136
23.1741
26.3869
24.9822
25.2192
24.9324
24.1277
24.0372
22.9478
24.6817
24.9075
25.1995
25.7528
25.7505
24.3503
26.8813
24.0355
25.2911
24.8363
25.1204
23.5465
25.7728
25.2949
26.7701
26.088
26.1526
24.5324
25.4707
23.7634
25.45
26.387
23.5041
24.9665
24.6897
25.8859
24.5334
22.5957
23.7021
23.1004
24.737
24.7637
25.4097
26.0538
26.4054
24.8948
23.4276
23.9149
25.9761
26.1549
26.313
26.6235
23.0943
25.3906
25.4668
24.0043
24.9676
25.5611
24.5589
25.9635
26.1871
23.6156
25.1665
24.8892
25.1362
23.9364
26.2738
24.7271
24.6752
25.6543
25.5839
23.8898
24.3352
26.5095
22.6243
24.4441
25.4746
26.1293
24.0475
24.578
24.1744
24.6336
24.2993
26.251
25.1474
23.6782
24.8385
25.4887
26.4221
25.9837
25.604
26.2554
25.4246
25.6264
22.4525
27.3996
24.2375
24.4129
24.5875
25.7031
27.3742
22.7564
25.1284
24.9001
25.6482
26.1694
25.3641
23.704
25.3253
26.1828
26.0092
25.9459
23.9441
23.3918
23.9494
24.7601
25.899
25.3663
22.4517
25.8999
23.8702
25.8419
23.7511
23.7582
26.113
22.9523
23.6079
24.1526
25.4161
25.6824
24.0781
25.9628
23.533
25.7596
23.8134
25.5973
26.527
25.1938
25.6698
24.3413
24.9223
26.5655
25.3637
24.8774
25.9735
26.1405
25.3133
26.0527
24.4232
25.7113
23.7394
24.281
26.5559
22.8597
24.7801
25.1873
25.4247
24.6424
25.6547
25.8128
25.8657
26.1152
25.2053
25.1177
26.7441
25.07
26.0067
25.8142
24.3755
24.4939
24.97
25.5659
24.5575
24.2433
26.5095
24.4031
25.8918
23.1884
24.8486
26.5989
26.1032
22.1258
24.9999
22.9822
25.8866
23.7365
26.5193
24.0413
25.5583
24.3851
25.0662
24.4461
24.1099
24.5578
24.8424
23.7851
25.9816
24.2091
25.4587
24.3608
25.8999
24.1709
26.641
23.5255
24.3325
24.8178
24.7358
25.0032
24.9756
24.9459
25.7917
24.8776
24.1558
23.6613
25.3099
25.1698
24.5697
26.5207
24.0386
24.412
24.8051
24.7303
26.157
25.3431
25.3683
24.3301
25.1478
26.0919
24.0858
26.5421
26.5482
25.734
26.4717
25.5093
25.849
26.8367
25.806
24.794
25.6037
23.9432
24.4948
25.0374
24.6542
24.9711
25.4034
23.6186
25.1049
24.9682
25.3516
26.5821
24.9551
24.3279
25.9144
24.9008
23.6182
24.0731
24.0752
25.2128
23.9158
24.3417
25.5213
26.5031
25.8663
24.9879
23.558
24.9722
26.3727
25.0532
23.8437
22.875
23.0603
25.5293
24.8402
25.7215
26.5356
26.139
25.0826
23.7757
24.411
24.48
25.5784
23.9054
24.6851
24.9873
24.428
24.5206
24.0239
24.0727
27.1462
24.3149
24.8169
26.2123
23.7389
25.4409
25.6295
24.6622
25.1091
25.5862
26.8891
25.5904
24.9416
26.3986
25.8602
24.8917
26.0395
25.8799
24.8819
23.2248
24.9372
24.1623
26.9791
24.4665
26.2666
25.8868
25.9615
24.371
24.7038
25.8293
25.0713
26.3901
23.9925
25.2082
23.8274
24.9938
23.52
25.557
25.0282
26.0543
24.7223
25.0825
24.5833
23.47
26.0781
24.2284
24.3479
24.95
24.2752
24.7003
25.7592
24.9326
24.2132
24.5918
25.1403
23.0789
25.4709
26.5271
26.4768
25.4964
24.7939
26.6816
25.9136
24.5571
26.9088
25.4882
24.5664
23.6818
24.4425
25.4892
27.2475
21.1144
27.0905
26.0014
24.4366
24.2786
24.7816
27.061
26.171
25.7949
25.0582
23.8909
27.2353
23.7376
24.4413
25.1334
24.953
23.8544
24.754
23.4596
26.3056
24.6801
24.4514
25.3026
24.9451
23.2187
23.0693
24.8644
23.8735
24.3432
24.618
24.4189
22.8792
23.2128
23.5589
24.3627
23.3476
26.7941
27.6937
25.1965
23.6974
23.7397
26.3045
24.6395
25.1697
26.4875
24.4637
25.5986
22.9797
26.1501
26.5761
24.6648
25.8863
26.187
23.033
25.9821
25.9647
24.6463
25.8077
25.7147
25.9187
25.4859
23.6249
26.0627
24.1681
23.8176
24.6784
24.7324
24.6769
26.9268
23.8795
23.4125
24.6653
24.4449
25.3202
22.4616
24.0423
25.2817
25.9733
24.2695
23.6043
26.248
25.592
23.6877
25.2404
23.975
24.0569
26.308
24.5251
22.745
25.8987
26.6191
25.6902
22.8638
24.8403
22.768
26.9614
25.118
23.6254
24.1918
24.0317
24.7483
22.9591
24.1274
24.8857
22.74
24.1415
26.6125
24.9613
24.4154
25.6748
23.0823
23.6975
25.0225
25.7249
24.0803
25.7387
25.3333
25.2627
24.4596
26.2277
25.9749
24.3227
24.8609
24.9414
23.785
24.0956
25.8227
24.0713
24.0414
23.6675
24.4898
24.1166
25.0569
25.1016
26.6735
27.162
26.3802
26.1359
26.5066
24.2529
25.344
24.8766
25.2537
23.8866
23.5258
24.6
24.6421
24.7417
23.3107
26.518
25.4971
23.3231
24.8651
24.4548
24.1399
27.3816
24.8781
26.6773
25.972
26.7302
24.513
25.0386
25.2421
26.5827
23.0124
23.9777
24.3289
26.2641
23.9142
23.9178
25.6098
25.0432
24.6002
23.6251
25.3186
25.1165
24.3193
26.8516
24.877
23.7834
23.6809
25.534
23.6864
25.7613
24.5206
23.203
25.8328
24.1643
23.5903
24.0962
24.855
24.488
25.3519
23.5881
25.1323
24.4205
24.6581
26.1934
26.2288
25.7012
26.6618
25.1454
24.9083
25.6085
23.2675
25.8323
25.3788
24.8684
25.0339
22.9751
25.1248
25.4332
24.382
24.6335
25.6983
24.53
23.8135
23.0966
25.5471
24.9408
25.9931
24.7134
24.6325
25.0868
24.1182
24.8355
26.1503
26.4055
23.367
25.011
23.7601
23.0005
26.4966
23.0889
25.5461
25.9108
25.1974
23.6027
23.5839
22.9666
25.976
24.8275
23.1637
24.3451
24.5345
25.5981
24.8196
23.9571
26.2956
26.2938
24.8917
26.0556
26.3295
23.7194
24.7114
23.888
26.1132
25.9511
25.476
22.5911
25.4574
24.0668
25.5968
25.0111
26.4168
23.6344
25.867
25.0232
25.19
24.7514
26.2615
24.2394
25.4699
23.6888
25.4408
24.5227
26.0481
25.5521
24.1951
25.6413
24.0248
27.1264
24.2412
23.5226
24.7589
25.9412
24.7526
24.8922
26.5675
26.1951
25.3204
24.9932
25.696
24.0602
24.6164
24.3041
24.5292
23.6237
24.7543
25.2365
24.2677
25.9944
25.0072
25.6086
25.4514
25.4876
25.9104
25.0908
25.0145
25.2564
25.1785
26.1273
23.1941
26.2018
26.1899
27.1797
24.1232
26.5473
24.3857
25.6642
24.9046
25.0458
25.8213
26.1835
24.7334
25.7866
25.6893
25.0605
24.7686
23.1102
24.8712
24.3294
26.1816
25.6792
25.0365
24.7481
25.2188
25.9229
24.2981
25.874
23.7352
25.5744
23.8762
26.1089
24.8225
25.3573
25.268
25.3357
24.3683
25.2525
26.057
22.8575
24.0993
24.2816
26.3513
24.9863
24.237
26.5102
25.6082
27.3488
23.6446
24.6751
25.8208
24.5123
25.7184
26.4898
23.6981
24.8658
23.8743
24.0513
24.0144
25.2036
27.0122
25.7272
24.5149
23.9767
23.8929
25.6455
25.0592
25.0423
24.561
27.5405
26.6255
25.9699
24.2048
23.2454
24.3853
23.418
24.5106
25.046
24.8084
25.5405
24.7432
26.1715
23.5602
22.5379
25.1869
26.3726
26.5774
26.5713
25.9408
24.5006
25.1651
24.5234
26.6713
26.5932
23.9546
24.4726
23.5807
25.5539
25.8149
24.7648
23.7425
25.7021
25.5035
25.3081
23.1754
25.1159
25.1518
22.5544
25.0833
25.3965
25.1678
25.2478
23.7781
23.2329
26.9913
23.9428
25.1187
25.0279
25.4854
25.4192
23.156
26.0592
24.751
22.7069
25.7584
25.0461
23.8751
24.5697
24.0341
24.386
24.4774
26.0924
25.7184
25.0353
25.3617
23.9844
25.536
25.0659
23.7621
24.2722
25.2836
25.7336
23.0327
25.9909
26.59
23.9889
25.1235
24.4782
26.4629
25.0352
25.6219
25.0519
28.2274
24.2024
24.2404
24.0689
24.0752
23.2123
25.2464
26.5339
24.1241
24.7904
25.2138
23.4723
23.0573
25.149
24.3216
24.7487
25.7024
25.702
24.7393
25.0826
25.5756
25.8124
24.6742
26.0459
25.3057
25.5216
24.6822
25.4386
25.7485
25.9876
24.4443
24.4899
25.461
25.6346
23.3472
24.4787
26.7317
25.4934
24.5653
23.5043
24.8968
27.0399
24.3602
23.8966
26.0326
25.5588
23.7231
26.2073
24.5151
25.4705
24.4647
25.7053
24.3571
24.6967
24.8426
23.6456
24.3166
25.6102
24.461
24.7515
23.7462
25.3283
24.57
24.7431
25.4924
24.1015
25.6211
24.8913
24.7079
25.0812
24.0622
25.0204
22.9025
24.4984
24.3026
24.256
25.4474
25.2438
25.0563
24.6356
24.145
25.2604
26.6726
24.7743
24.7998
25.7372
23.766
25.1599
24.8948
24.559
22.5006
25.8437
25.4508
23.7156
25.4379
25.6219
25.2383
24.7356
24.0096
26.7669
25.1466
25.6738
25.3383
24.976
27.4012
25.9579
23.636
24.8023
26.3407
24.2401
24.6313
25.8152
25.15
24.6852
24.3226
26.7576
25.1552
25.5714
26.1914
25.2155
23.065
26.1979
25.6356
24.7322
25.8206
25.8181
26.1828
24.4336
24.0839
25.1833
26.4742
25.4308
25.4731
24.6472
24.4756
26.498
24.651
24.5711
26.1979
23.3242
26.231
24.9559
26.7519
24.8824
24.0059
25.1183
24.7095
25.4867
25.5564
26.3539
25.6333
24.1893
25.0335
24.3672
25.0829
26.3247
25.6529
23.1475
24.2832
24.613
25.2543
25.0481
24.9036
25.6402
24.8482
25.3928
25.2845
24.7105
25.8918
22.1152
23.9262
24.5686
26.2783
26.8273
24.5844
25.524
23.9519
24.0348
24.9824
25.4185
24.1975
25.2492
25.6304
25.4888
26.5963
26.2033
25.6176
25.3624
24.3846
25.137
24.751
24.9966
27.6863
24.5777
25.2109
23.1347
24.2559
25.2101
24.6972
23.6168
26.0304
24.9468
26.218
23.9921
23.2068
23.5762
24.0319
26.0439
24.5686
25.3452
26.1393
25.6334
27.0776
25.1645
23.6208
23.2627
24.9237
25.9127
25.0568
25.8081
25.498
23.7903
24.3337
25.9188
24.4097
25.0223
25.6531
25.2634
24.1924
23.3449
24.0279
23.7295
26.1944
23.9513
24.416
24.8304
24.7391
24.407
24.714
23.4827
23.9109
25.7327
26.3793
26.0036
24.8337
26.4415
25.3263
25.2922
25.3635
25.5782
25.89
24.9463
25.0505
24.9837
26.0704
24.0867
24.5257
23.9167
25.5553
24.8402
23.9783
25.4419
23.7006
26.0045
25.8724
24.4291
25.1277
26.2358
25.3396
24.8418
25.5974
26.1913
23.6534
24.6249
25.5511
26.1601
25.3837
25.1781
25.4598
25.6971
25.5226
23.7439
23.8221
24.226
25.1094
25.6627
25.3584
24.9502
25.3105
25.1941
25.6529
26.2844
26.4689
25.1756
25.8295
25.8491
25.9956
24.9802
23.5836
25.5756
26.2142
24.3616
25.539
23.7604
25.2198
24.4535
25.4863
26.3012
24.5713
23.5732
24.5112
26.7414
25.1274
23.79
25.3133
25.2274
24.1893
25.3988
23.5325
24.4476
25.8398
24.6669
23.5393
22.6312
25.3565
24.7886
25.6569
23.9365
25.2824
26.7994
25.7293
24.197
24.292
23.975
24.2916
24.7502
24.3813
24.8364
25.9444
24.7117
26.6992
24.0556
25.7803
26.1326
24.1469
25.4693
24.3627
23.5097
24.8982
26.2334
24.6902
24.6637
23.5536
25.7215
26.1858
25.629
25.7852
25.3772
26.1066
26.8286
26.0224
24.1466
26.2619
27.3725
24.6648
23.6436
25.0536
26.4231
24.6082
25.0106
25.9507
24.7882
24.3979
26.7468
25.0093
25.1987
25.3913
25.4771
24.9221
25.7137
25.1673
24.1148
24.2213
25.5353
22.931
25.2485
23.068
25.1643
25.5786
25.2542
26.1856
25.9464
24.9757
25.4588
25.6613
25.5161
23.7841
26.7065
25.6977
23.8701
25.1393
24.3535
26.2326
26.4868
25.1773
25.3097
26.6632
25.1609
25.7357
25.2967
24.4569
25.2962
26.8548
25.2311
24.2383
25.0304
24.9486
25.9034
24.4592
23.9732
25.4989
24.2153
23.7638
23.5363
26.4894
23.6314
25.4322
23.9109
25.6912
24.4866
23.9258
25.7683
24.2349
24.1649
25.5375
24.7793
25.2409
24.5762
26.2813
23.5244
26.0971
24.8228
24.774
26.0478
24.7624
23.1199
26.5675
26.3618
24.2314
26.0462
24.0107
25.005
26.763
24.9281
23.6052
24.8938
25.4656
25.0951
24.7026
24.4875
26.2584
24.6163
24.1619
26.7389
25.3643
23.793
26.6121
23.0089
23.2574
24.7844
24.7907
25.1973
26.44
26.3947
25.9252
22.8947
24.5105
23.9348
24.2957
26.5585
25.9411
23.4339
21.7095
25.611
23.9881
23.698
26.2641
22.8483
24.3863
24.6107
25.7401
25.8132
25.9604
25.3179
23.6002
24.8855
23.775
26.8194
25.6223
25.5486
25.9393
26.8338
23.1256
23.9797
24.0514
25.7118
23.9473
26.7288
27.7201
24.911
26.4471
26.3262
25.7279
24.6552
24.3488
24.1734
25.4419
24.5411
24.6236
26.0838
25.0506
24.4177
25.0246
24.8748
24.7214
23.5712
22.8522
25.7675
24.9563
23.125
26.8281
25.2234
25.1361
25.8184
25.0906
24.4675
25.9587
26.2049
23.8683
24.4195
26.2624
24.672
25.3598
25.1248
24.8314
25.822
23.8425
24.9817
26.4389
25.2666
25.5053
25.2592
23.1688
24.7967
25.2032
25.5848
26.7286
24.6733
24.8177
24.5476
24.06
24.3825
24.6094
23.6305
26.0547
22.6889
24.2809
26.2454
25.0155
24.3151
25.944
24.1778
23.8071
23.5444
25.2575
25.0956
23.6205
27.4531
26.3038
24.4275
24.4247
25.5006
24.9499
25.1834
25.1325
26.1211
25.8611
24.8047
24.9256
24.907
24.5648
27.2941
24.8474
24.4628
24.9538
24.5559
24.6384
24.9799
25.0138
25.2283
24.2177
22.8582
24.7463
26.877
25.5117
25.4298
23.9674
23.4776
23.5368
25.8126
24.3804
26.1005
25.05
24.9571
25.0839
24.2615
24.307
24.9634
26.5088
25.0118
26.8337
24.8558
24.2088
24.4878
24.9457
25.9194
24.6993
24.5301
23.9432
25.7321
24.8327
23.9624
24.8765
25.114
23.6845
26.193
25.8875
25.9362
23.1039
26.1715
26.8044
24.7297
25.3234
26.0436
24.9086
24.9612
24.3304
25.0478
24.641
22.9557
25.5865
24.2701
25.2107
24.6421
25.0842
22.8324
25.2335
25.6436
25.2801
23.5963
23.9474
25.0755
26.1585
25.7024
25.6105
25.8954
23.306
24.5182
24.249
22.6667
24.8514
22.8591
23.3878
26.4036
24.5738
25.3362
25.2194
25.8111
24.1308
23.8115
23.6305
23.9703
24.3339
25.0666
23.4768
25.8764
25.0214
24.5221
24.5771
25.6107
24.2467
24.1259
25.196
24.4875
25.8413
23.6574
26.2116
25.5369
23.9751
23.7685
22.7843
26.0647
25.6691
25.3154
26.9516
25.9985
25.4037
23.5378
24.4664
23.6262
23.5399
23.5305
24.0875
24.6044
25.2785
26.0267
25.235
23.8162
24.2517
24.7159
26.2044
26.6281
25.4425
26.6305
24.9807
25.6146
26.3864
24.005
24.4233
24.4054
24.8283
25.6938
24.9144
25.1308
24.4567
25.4285
25.1204
25.8266
25.7998
24.6034
26.3022
25.3
24.545
24.2294
27.0849
24.7599
24.01
25.213
23.353
24.4835
23.5719
24.227
26.0511
23.5029
23.8121
24.0678
25.6495
25.9101
23.6306
25.0086
25.4958
25.9012
24.6559
25.6305
24.3063
25.4747
24.1074
24.2636
23.9903
24.7585
25.619
25.7435
25.0119
25.6947
24.1049
23.7028
23.6964
26.9716
25.2934
26.0673
24.479
25.3911
24.8791
26.493
23.9056
25.5164
26.3765
25.0525
26.1445
26.0993
25.9301
25.5629
25.1629
23.4718
25.6684
24.6172
26.1459
24.9512
23.5216
24.914
25.3258
25.4604
25.3823
25.5255
25.0145
24.0731
26.1557
25.1431
23.2547
24.3244
25.4471
25.5915
24.2468
25.2972
25.0178
26.8147
25.5854
24.5947
24.3185
26.053
25.8343
23.1982
24.4288
24.6778
22.9893
26.1723
24.2054
23.9862
24.8429
24.9343
26.0708
22.6911
23.8653
24.1646
25.4518
25.7598
23.9701
24.9905
25.6856
23.5615
25.788
23.9494
24.2459
23.8023
24.0216
25.8336
24.3686
25.3663
27.4456
24.2253
24.5269
24.3231
25.622
24.12
25.0787
24.7422
25.9359
23.6901
25.03
24.3695
24.398
25.7164
24.8504
25.9181
25.4599
25.7046
24.6875
25.5607
24.2388
24.9612
25.462
24.0569
24.5306
24.9046
25.2424
23.9901
26.0775
25.6454
22.7718
25.535
23.6896
24.3507
24.682
24.9306
25.8605
24.9676
24.8931
24.3621
24.3817
22.3848
24.8473
27.4645
25.8424
24.8394
25.599
25.4083
23.7834
25.3373
26.3546
25.2102
24.5819
23.1897
25.0493
27.9276
23.4402
24.936
24.2956
25.8256
25.7627
24.2676
25.687
25.3699
24.0302
26.2679
25.7214
24.5884
24.4788
24.9664
22.9784
25.0505
25.3938
24.3044
24.9286
23.1942
24.7824
22.5086
25.8259
24.01
26.6327
24.9322
26.4237
23.8071
23.8666
24.7574
26.3087
24.3115
25.7429
25.0714
25.04
23.921
25.5138
24.4665
24.0901
22.6584
24.7893
25.3044
25.8495
23.8466
27.1463
24.6643
24.9475
24.831
26.257
25.615
23.9739
23.9633
25.3778
26.0556
23.4854
25.8209
24.6895
26.4326
25.1009
24.6292
25.0416
26.1917
24.7351
26.7713
24.1344
25.606
27.0089
24.3515
25.718
24.5105
25.0569
25.3394
26.257
26.4291
25.5268
23.478
23.2297
25.2328
25.822
25.5583
24.8368
23.4965
24.4414
26.6128
25.4805
23.4125
23.9948
24.4405
24.7086
24.2549
26.2735
26.7685
24.3014
24.9983
25.5233
24.3557
24.8464
23.7465
24.6581
24.857
25.0868
24.1898
24.4145
25.2128
25.9077
25.9862
24.2553
24.4781
26.6241
23.3544
23.822
24.8691
25.3186
24.1357
25.8841
24.3307
27.0238
27.1168
23.9237
22.1367
24.7829
23.0929
24.0856
25.7402
23.9455
26.2986
26.321
24.799
25.3796
24.7711
24.8946
26.5374
24.7574
24.9957
27.3774
24.8873
26.0415
25.1521
24.0416
23.8749
26.3599
25.1942
24.7408
25.4579
24.5107
25.0237
25.7495
25.9278
25.0821
25.5713
25.1071
23.8493
26.3101
21.1598
26.2287
26.5709
25.6427
24.3322
24.1992
23.9323
24.4667
26.0443
24.1606
24.6126
23.8259
24.6526
25.8951
24.4893
25.328
26.0873
22.8452
23.9176
24.2893
25.6698
25.8302
24.8294
25.0602
24.5331
26.0949
24.334
24.2064
25.0241
25.9833
25.8984
26.3105
25.7597
25.0979
24.1423
24.8572
24.5751
23.4385
23.5043
24.8395
24.3745
25.7123
23.2608
25.5805
24.7537
23.4428
23.8793
24.9939
24.5055
28.4016
23.7294
23.9227
24.8228
24.7386
25.1301
24.5597
25.7167
25.2863
24.0107
25.1254
25.4004
25.0189
23.4813
23.7909
25.1137
24.222
24.9338
25.9164
25.0895
24.6887
22.8973
23.4902
24.5186
26.2414
24.441
25.8555
26.9184
24.6181
24.9606
25.2112
25.8273
22.5767
25.6486
24.99
23.6804
25.1378
24.313
25.8955
23.9266
23.9294
24.8576
24.9941
26.0305
25.8592
24.5928
24.9485
27.1789
24.229
26.0133
23.8231
25.0577
25.3686
25.5113
25.8844
25.2894
24.0057
25.2327
26.3026
24.1384
23.9097
25.1499
25.2797
25.9106
24.4969
26.4083
25.1678
24.9403
24.8421
23.159
25.3423
25.0867
23.671
24.5276
22.7851
26.4371
24.8728
25.5679
24.1461
24.4591
25.3888
24.2386
24.4232
23.5912
23.3491
24.938
25.4644
25.3776
25.3178
25.4844
25.4478
26.3019
24.2249
25.1868
24.813
24.8159
24.9101
23.4731
24.5825
23.0333
24.9709
25.2006
22.7883
24.0871
27.2775
25.7434
25.5767
26.3672
24.9278
24.8235
26.1418
26.73
25.0031
25.8821
24.625
26.6697
25.1044
24.0788
22.9604
25.5601
24.6571
23.9412
24.4173
24.635
24.0297
23.4064
25.3816
24.0761
25.5004
25.2948
24.6141
26.31
25.3544
25.371
25.5485
24.6966
23.7987
26.9592
25.6881
26.4316
24.7708
25.7587
24.4902
24.8263
24.0219
24.7174
25.1389
24.2393
22.2561
26.9013
22.567
24.902
25.6528
23.9406
25.9969
23.1874
26.9168
25.4952
24.4944
25.2338
24.0905
23.247
25.0955
25.4404
27.9817
26.7895
25.7331
25.0699
25.8907
23.2646
25.2072
24.6863
26.9933
26.0337
25.364
25.0698
23.9831
27.0334
25.0249
25.9971
23.7382
26.6605
26.4956
25.6161
24.3519
24.729
25.9443
25.3365
24.7163
25.4731
23.985
24.5161
25.7491
26.0401
26.3015
24.9924
25.9118
26.2399
23.7591
25.1173
24.3836
26.0253
24.6654
25.0592
25.6752
26.0739
24.9199
23.9284
26.0307
24.691
25.145
24.9454
24.3622
26.7554
24.2934
24.2869
24.7099
26.3875
25.6092
25.3466
25.6518
24.0416
24.3238
25.8081
26.4309
26.4936
23.7365
24.1411
25.4256
25.1857
24.2809
24.4721
25.0917
26.1173
25.3862
25.4927
25.4701
24.9058
24.4907
25.3589
26.2422
24.4564
24.9498
26.1165
22.7024
25.1638
22.8068
26.3993
25.9533
25.3029
24.9531
23.9203
25.575
24.363
25.5421
23.9123
24.1321
26.0416
23.0789
24.3665
24.077
25.0637
26.017
23.2669
25.3394
24.8667
26.2517
23.1562
25.9432
24.199
25.8966
24.6667
25.1891
26.176
23.071
27.161
25.8072
28.1797
26.388
23.7173
26.4644
24.7095
24.1106
24.9839
24.2222
21.7942
25.4295
25.4356
25.1793
26.2985
25.0714
22.8882
26.3959
24.4462
22.684
24.8381
24.385
25.4673
25.2256
26.0577
23.1022
25.4176
25.1769
26.606
25.8303
25.826
27.2281
24.1954
24.6074
24.798
26.0757
26.0419
23.675
25.0633
24.0661
23.097
25.2757
25.8814
24.5114
25.174
25.1616
26.452
24.2035
25.8331
26.0257
25.0474
26.4071
25.2299
23.6285
24.1881
23.6443
25.1437
26.8083
25.3467
25.3801
24.8862
25.13
22.3184
23.7078
23.9792
26.0088
25.8378
23.9159
23.8009
23.5515
24.6457
25.3641
24.8161
26.535
25.6481
25.05
24.8568
25.3053
27.2868
24.8184
27.0948
24.8153
24.7217
24.1132
24.1283
23.102
23.9428
24.5521
25.5354
25.3624
24.0607
24.1334
24.0015
25.6322
25.934
25.3174
21.9089
24.4111
24.9322
24.9812
25.455
24.0271
25.3611
24.5599
26.7099
24.9057
25.6282
23.9386
27.2622
23.7856
25.4514
25.3946
24.6217
25.957
25.6194
25.4376
26.5941
25.8782
25.0593
23.8372
23.8284
25.5622
25.5078
25.7846
25.3943
25.5606
24.8185
24.4379
24.7153
25.4104
24.1662
26.0701
25.0519
24.8556
25.1713
24.8703
24.962
25.684
24.9271
24.5854
24.7275
24.7255
25.3745
26.7322
25.8107
24.768
26.3987
25.6397
23.4237
24.2408
26.2898
27.5426
25.9608
24.898
24.8827
24.4795
24.2389
25.334
25.5878
25.6754
27.3596
25.0607
25.5141
25.2941
25.7593
25.1823
24.2489
26.0176
25.6383
25.2134
24.1046
25.0906
25.7966
25.0008
25.5087
25.5049
25.5788
24.2525
23.6159
25.0366
26.4179
24.0592
24.9596
26.0021
24.8101
24.8953
26.6042
23.9025
24.5364
25.0021
25.8459
23.3408
25.5067
25.2758
24.011
25.5656
24.0797
25.4233
25.2377
24.7273
24.2946
24.9793
25.323
26.5329
23.1568
25.94
26.0688
25.4972
25.3437
24.0143
26.7487
26.5227
24.9683
24.3603
25.0403
24.3146
25.2287
24.838
23.3372
23.9926
24.0126
24.955
25.8923
23.2106
24.7697
22.8288
23.7932
24.5861
25.0232
24.3576
26.1537
25.0834
25.8517
21.7727
25.209
24.911
24.214
24.7331
24.3036
25.1469
23.8624
25.8569
25.1338
25.0866
24.4626
24.9217
25.1404
25.6552
26.1068
26.0002
23.6035
24.2975
24.7502
23.5439
26.0366
25.8925
25.3369
25.963
24.6623
25.2257
24.7066
24.0071
25.6711
24.1225
24.2951
25.8917
25.0768
24.8067
24.691
23.9669
25.5025
24.7456
24.0833
25.5071
24.4975
25.7813
24.4986
24.8076
24.5562
23.6382
24.6862
24.6071
25.506
23.7958
25.2967
25.8781
25.0764
25.0671
25.926
24.2625
24.2744
24.65
24.4002
24.0443
24.9568
24.2994
25.1209
25.3723
24.4285
26.4999
25.9556
25.8529
23.5721
23.5984
27.5738
23.6463
23.6531
27.0497
24.9843
24.3592
23.9364
24.8465
25.6734
24.5385
24.8446
25.9408
24.6329
25.9835
25.2439
25.092
25.63
24.256
24.4616
24.5128
25.9959
25.7568
24.5454
25.1998
24.5267
26.5925
23.9123
24.9448
26.2974
25.5052
26.9081
25.3561
25.3688
25.3624
26.1512
24.3442
25.9388
22.9677
24.7819
24.0788
25.8101
24.8999
23.9904
25.7113
24.5586
25.8053
24.668
25.0831
25.0374
23.8812
25.1566
26.5384
25.2532
25.3654
24.1124
24.0184
26.2706
24.1591
24.6461
24.7441
24.6967
25.1334
26.5893
24.6406
24.5676
25.7524
24.6888
23.9627
24.2735
23.7375
26.2044
26.1325
25.9575
26.1194
23.0382
25.542
24.1317
24.2958
27.1525
24.0042
25.6254
24.0824
26.0084
25.1354
26.0711
24.0595
25.2648
24.3161
24.9393
25.4361
23.8653
25.7848
24.4318
24.3252
25.1945
25.5432
24.2573
24.9568
23.9024
26.05
23.6972
25.4112
24.5436
24.9561
24.8918
24.5036
24.0467
24.1919
23.6502
26.8452
26.2357
26.4821
25.5587
25.0997
24.1275
23.6695
24.3716
25.8764
23.8916
26.1433
23.7222
24.826
24.7236
25.6747
24.461
26.002
25.3912
23.5377
26.3047
23.9334
25.6033
25.0208
24.1954
25.6635
26.1366
23.6617
25.6171
26.9802
24.6239
24.9596
25.8961
26.3052
25.0012
25.0218
24.5907
23.8141
23.9428
25.3554
25.5992
26.3621
24.3349
25.7186
23.7779
23.822
24.7873
25.0276
25.09
24.3408
23.7237
25.4506
24.9382
26.5463
24.3375
23.4946
25.0137
27.1441
23.9926
25.2943
24.4385
23.7994
25.1844
23.7259
24.8996
25.7153
24.5703
25.6067
24.7677
26.5422
24.51
24.3529
23.1764
24.7137
27.0665
23.6425
24.6632
25.9658
25.8553
25.3656
22.1159
24.9359
23.9982
25.8995
24.4523
24.7391
25.3113
25.3517
25.3689
25.9318
25.6244
24.7269
25.7011
25.1014
26.347
24.9799
25.4724
24.7906
24.6391
24.8202
27.0566
25.3831
25.7485
26.3025
22.7395
26.2109
24.0421
25.0337
24.0739
24.415
24.6608
25.7126
24.7649
24.422
25.8657
26.435
24.1716
24.0661
24.6257
24.399
25.5522
23.8296
24.4855
25.6183
25.342
25.4464
25.5033
23.871
25.4507
27.0048
24.3701
26.7462
22.7554
23.413
26.3493
25.4705
24.3343
25.1812
27.2184
24.9345
26.386
23.24
25.904
24.7392
24.2974
25.6072
24.5275
25.7015
23.7907
25.4555
25.6389
24.7467
26.0386
25.8412
25.3046
25.2048
24.8133
27.3799
24.1885
24.0667
26.4226
25.3959
25.8723
24.0623
24.6885
27.0813
23.9663
24.4558
22.3092
23.5691
25.1959
23.8043
24.1343
