604017672
604017673
604017674
604017675
604017676
604017677
604017678
604017160
604017161
604017162
604017163
604017164
604017165
604017166
604017688
604017689
604017690
604017691
604017692
604017693
604017694
604017176
604017177
604017178
604017179
604017180
604017181
604017182
604017704
604017705
604017706
604017707
604017708
604017709
604017710
604017192
604017193
604017194
604017195
604017196
604017197
604017198
604017720
604017721
604017722
604017723
604017724
604017725
604017726
604017208
604017209
604017210
604017211
604017212
604017213
604017214
604017736
604017737
604017738
604017739
604017740
604017741
604017742
604017224
604017225
604017226
604017227
604017228
604017229
604017230
604017752
604017753
604017754
604017755
604017756
604017757
604017758
604017240
604017241
604017242
604017243
604017244
604017245
604017246
604017768
604017769
604017770
604017771
604017772
604017773
604017774
604017256
604017257
604017258
604017259
604017260
604017261
604017262
604017784
604017785
604017786
604017787
604017788
604017789
604017790
604017272
604017273
604017274
604017275
604017276
604017277
604017278
604017800
604017801
604017802
604017803
604017804
604017805
604017806
604017288
604017289
604017290
604017291
604017292
604017293
604017294
604017816
604017817
604017818
604017819
604017820
604017821
604017822
604017304
604017305
604017306
604017307
604017308
604017309
604017310
604017832
604017833
604017834
604017835
604017836
604017837
604017838
604017320
604017321
604017322
604017323
604017324
604017325
604017326
604017848
604017849
604017850
604017851
604017852
604017853
604017854
604017336
604017337
604017338
604017339
604017340
604017341
604017342
604017864
604017865
604017866
604017867
604017868
604017869
604017870
604017352
604017353
604017354
604017355
604017356
604017357
604017358
604017880
604017881
604017882
604017883
604017884
604017885
604017886
604017368
604017369
604017370
604017371
604017372
604017373
604017374
604017896
604017897
604017898
604017899
604017900
604017901
604017902
604017384
604017385
604017386
604017387
604017388
604017389
604017390
604017912
604017913
604017914
604017915
604017916
604017917
604017918
604017400
604017401
604017402
604017403
604017404
604017405
604017406
604017928
604017929
604017930
604017931
604017932
604017933
604017934
604017416
604017417
604017418
604017419
604017420
604017421
604017422
604017944
604017945
604017946
604017947
604017948
604017949
604017950
604017432
604017433
604017434
604017435
604017436
604017437
604017438
604017680
604017681
604017682
604017683
604017684
604017685
604017686
604017168
604017169
604017170
604017171
604017172
604017173
604017174
604017696
604017697
604017698
604017699
604017700
604017701
604017702
604017184
604017185
604017186
604017187
604017188
604017189
604017190
604017712
604017713
604017714
604017715
604017716
604017717
604017718
604017200
604017201
604017202
604017203
604017204
604017205
604017206
604017728
604017729
604017730
604017731
604017732
604017733
604017734
604017216
604017217
604017218
604017219
604017220
604017221
604017222
604017744
604017745
604017746
604017747
604017748
604017749
604017750
604017232
604017233
604017234
604017235
604017236
604017237
604017238
604017760
604017761
604017762
604017763
604017764
604017765
604017766
604017248
604017249
604017250
604017251
604017252
604017253
604017254
604017776
604017777
604017778
604017779
604017780
604017781
604017782
604017264
604017265
604017266
604017267
604017268
604017269
604017270
604017792
604017793
604017794
604017795
604017796
604017797
604017798
604017280
604017281
604017282
604017283
604017284
604017285
604017286
604017808
604017809
604017810
604017811
604017812
604017813
604017814
604017296
604017297
604017298
604017299
604017300
604017301
604017302
604017824
604017825
604017826
604017827
604017828
604017829
604017830
604017312
604017313
604017314
604017315
604017316
604017317
604017318
604017840
604017841
604017842
604017843
604017844
604017845
604017846
604017328
604017329
604017330
604017331
604017332
604017333
604017334
604017856
604017857
604017858
604017859
604017860
604017861
604017862
604017344
604017345
604017346
604017347
604017348
604017349
604017350
604017872
604017873
604017874
604017875
604017876
604017877
604017878
604017360
604017361
604017362
604017363
604017364
604017365
604017366
604017888
604017889
604017890
604017891
604017892
604017893
604017894
604017376
604017377
604017378
604017379
604017380
604017381
604017382
604017904
604017905
604017906
604017907
604017908
604017909
604017910
604017392
604017393
604017394
604017395
604017396
604017397
604017398
604017920
604017921
604017922
604017923
604017924
604017925
604017926
604017408
604017409
604017410
604017411
604017412
604017413
604017414
604017936
604017937
604017938
604017939
604017940
604017941
604017942
604017424
604017425
604017426
604017427
604017428
604017429
604017430
604017952
604017953
604017954
604017955
604017956
604017957
604017958
604017440
604017441
604017442
604017443
604017444
604017445
604017446
604018184
604018185
604018186
604018187
604018188
604018189
604018190
604018200
604018201
604018202
604018203
604018204
604018205
604018206
604018216
604018217
604018218
604018219
604018220
604018221
604018222
604018232
604018233
604018234
604018235
604018236
604018237
604018238
604018248
604018249
604018250
604018251
604018252
604018253
604018254
604018264
604018265
604018266
604018267
604018268
604018269
604018270
604018280
604018281
604018282
604018283
604018284
604018285
604018286
604018296
604018297
604018298
604018299
604018300
604018301
604018302
604018312
604018313
604018314
604018315
604018316
604018317
604018318
604018328
604018329
604018330
604018331
604018332
604018333
604018334
604018344
604018345
604018346
604018347
604018348
604018349
604018350
604018360
604018361
604018362
604018363
604018364
604018365
604018366
604018376
604018377
604018378
604018379
604018380
604018381
604018382
604018392
604018393
604018394
604018395
604018396
604018397
604018398
604018408
604018409
604018410
604018411
604018412
604018413
604018414
604018424
604018425
604018426
604018427
604018428
604018429
604018430
604018440
604018441
604018442
604018443
604018444
604018445
604018446
604018456
604018457
604018458
604018459
604018460
604018461
604018462
604018192
604018193
604018194
604018195
604018196
604018197
604018198
604018208
604018209
604018210
604018211
604018212
604018213
604018214
604018224
604018225
604018226
604018227
604018228
604018229
604018230
604018240
604018241
604018242
604018243
604018244
604018245
604018246
604018256
604018257
604018258
604018259
604018260
604018261
604018262
604018272
604018273
604018274
604018275
604018276
604018277
604018278
604018288
604018289
604018290
604018291
604018292
604018293
604018294
604018304
604018305
604018306
604018307
604018308
604018309
604018310
604018320
604018321
604018322
604018323
604018324
604018325
604018326
604018336
604018337
604018338
604018339
604018340
604018341
604018342
604018352
604018353
604018354
604018355
604018356
604018357
604018358
604018368
604018369
604018370
604018371
604018372
604018373
604018374
604018384
604018385
604018386
604018387
604018388
604018389
604018390
604018400
604018401
604018402
604018403
604018404
604018405
604018406
604018416
604018417
604018418
604018419
604018420
604018421
604018422
604018432
604018433
604018434
604018435
604018436
604018437
604018438
604018448
604018449
604018450
604018451
604018452
604018453
604018454
604018464
604018465
604018466
604018467
604018468
604018469
604018470
604018696
604018697
604018698
604018699
604018700
604018701
604018702
604018704
604018705
604018706
604018707
604018708
604018709
604018710
604018712
604018713
604018714
604018715
604018716
604018717
604018718
604018720
604018721
604018722
604018723
604018724
604018725
604018726
604018728
604018729
604018730
604018731
604018732
604018733
604018734
604018736
604018737
604018738
604018739
604018740
604018741
604018742
604018744
604018745
604018746
604018747
604018748
604018749
604018750
604018752
604018753
604018754
604018755
604018756
604018757
604018758
604018760
604018761
604018762
604018763
604018764
604018765
604018766
604018768
604018769
604018770
604018771
604018772
604018773
604018774
604018776
604018777
604018778
604018779
604018780
604018781
604018782
604018784
604018785
604018786
604018787
604018788
604018789
604018790
604018792
604018793
604018794
604018795
604018796
604018797
604018798
604018800
604018801
604018802
604018803
604018804
604018805
604018806
604018808
604018809
604018810
604018811
604018812
604018813
604018814
604018816
604018817
604018818
604018819
604018820
604018821
604018822
604018824
604018825
604018826
604018827
604018828
604018829
604018830
604018832
604018833
604018834
604018835
604018836
604018837
604018838
604018840
604018841
604018842
604018843
604018844
604018845
604018846
604018848
604018849
604018850
604018851
604018852
604018853
604018854
604018856
604018857
604018858
604018859
604018860
604018861
604018862
604018864
604018865
604018866
604018867
604018868
604018869
604018870
604018872
604018873
604018874
604018875
604018876
604018877
604018878
604018880
604018881
604018882
604018883
604018884
604018885
604018886
604018888
604018889
604018890
604018891
604018892
604018893
604018894
604018896
604018897
604018898
604018899
604018900
604018901
604018902
604018904
604018905
604018906
604018907
604018908
604018909
604018910
604018912
604018913
604018914
604018915
604018916
604018917
604018918
604018920
604018921
604018922
604018923
604018924
604018925
604018926
604018928
604018929
604018930
604018931
604018932
604018933
604018934
604018936
604018937
604018938
604018939
604018940
604018941
604018942
604018944
604018945
604018946
604018947
604018948
604018949
604018950
604018952
604018953
604018954
604018955
604018956
604018957
604018958
604018960
604018961
604018962
604018963
604018964
604018965
604018966
604018968
604018969
604018970
604018971
604018972
604018973
604018974
604018976
604018977
604018978
604018979
604018980
604018981
604018982
604021256
604021257
604021258
604021259
604021260
604021261
604021262
604021272
604021273
604021274
604021275
604021276
604021277
604021278
604021288
604021289
604021290
604021291
604021292
604021293
604021294
604021304
604021305
604021306
604021307
604021308
604021309
604021310
604021320
604021321
604021322
604021323
604021324
604021325
604021326
604021336
604021337
604021338
604021339
604021340
604021341
604021342
604021352
604021353
604021354
604021355
604021356
604021357
604021358
604021368
604021369
604021370
604021371
604021372
604021373
604021374
604021384
604021385
604021386
604021387
604021388
604021389
604021390
604021264
604021265
604021266
604021267
604021268
604021269
604021270
604021280
604021281
604021282
604021283
604021284
604021285
604021286
604021296
604021297
604021298
604021299
604021300
604021301
604021302
604021312
604021313
604021314
604021315
604021316
604021317
604021318
604021328
604021329
604021330
604021331
604021332
604021333
604021334
604021344
604021345
604021346
604021347
604021348
604021349
604021350
604021360
604021361
604021362
604021363
604021364
604021365
604021366
604021376
604021377
604021378
604021379
604021380
604021381
604021382
604021392
604021393
604021394
604021395
604021396
604021397
604021398
604021768
604021769
604021770
604021771
604021772
604021773
604021774
604021784
604021785
604021786
604021787
604021788
604021789
604021790
604021800
604021801
604021802
604021803
604021804
604021805
604021806
604021816
604021817
604021818
604021819
604021820
604021821
604021822
604021832
604021833
604021834
604021835
604021836
604021837
604021838
604021848
604021849
604021850
604021851
604021852
604021853
604021854
604021864
604021865
604021866
604021867
604021868
604021869
604021870
604021880
604021881
604021882
604021883
604021884
604021885
604021886
604021896
604021897
604021898
604021899
604021900
604021901
604021902
604021912
604021913
604021914
604021915
604021916
604021917
604021918
604021928
604021929
604021930
604021931
604021932
604021933
604021934
604021944
604021945
604021946
604021947
604021948
604021949
604021950
604021960
604021961
604021962
604021963
604021964
604021965
604021966
604021976
604021977
604021978
604021979
604021980
604021981
604021982
604021992
604021993
604021994
604021995
604021996
604021997
604021998
604022008
604022009
604022010
604022011
604022012
604022013
604022014
604022024
604022025
604022026
604022027
604022028
604022029
604022030
604022040
604022041
604022042
604022043
604022044
604022045
604022046
604021776
604021777
604021778
604021779
604021780
604021781
604021782
604021792
604021793
604021794
604021795
604021796
604021797
604021798
604021808
604021809
604021810
604021811
604021812
604021813
604021814
604021824
604021825
604021826
604021827
604021828
604021829
604021830
604021840
604021841
604021842
604021843
604021844
604021845
604021846
604021856
604021857
604021858
604021859
604021860
604021861
604021862
604021872
604021873
604021874
604021875
604021876
604021877
604021878
604021888
604021889
604021890
604021891
604021892
604021893
604021894
604021904
604021905
604021906
604021907
604021908
604021909
604021910
604021920
604021921
604021922
604021923
604021924
604021925
604021926
604021936
604021937
604021938
604021939
604021940
604021941
604021942
604021952
604021953
604021954
604021955
604021956
604021957
604021958
604021968
604021969
604021970
604021971
604021972
604021973
604021974
604021984
604021985
604021986
604021987
604021988
604021989
604021990
604022000
604022001
604022002
604022003
604022004
604022005
604022006
604022016
604022017
604022018
604022019
604022020
604022021
604022022
604022032
604022033
604022034
604022035
604022036
604022037
604022038
604022048
604022049
604022050
604022051
604022052
604022053
604022054
604025352
604025353
604025354
604025355
604025356
604025357
604025358
604025368
604025369
604025370
604025371
604025372
604025373
604025374
604025384
604025385
604025386
604025387
604025388
604025389
604025390
604025400
604025401
604025402
604025403
604025404
604025405
604025406
604025416
604025417
604025418
604025419
604025420
604025421
604025422
604025432
604025433
604025434
604025435
604025436
604025437
604025438
604025448
604025449
604025450
604025451
604025452
604025453
604025454
604025464
604025465
604025466
604025467
604025468
604025469
604025470
604025480
604025481
604025482
604025483
604025484
604025485
604025486
604025360
604025361
604025362
604025363
604025364
604025365
604025366
604025376
604025377
604025378
604025379
604025380
604025381
604025382
604025392
604025393
604025394
604025395
604025396
604025397
604025398
604025408
604025409
604025410
604025411
604025412
604025413
604025414
604025424
604025425
604025426
604025427
604025428
604025429
604025430
604025440
604025441
604025442
604025443
604025444
604025445
604025446
604025456
604025457
604025458
604025459
604025460
604025461
604025462
604025472
604025473
604025474
604025475
604025476
604025477
604025478
604025488
604025489
604025490
604025491
604025492
604025493
604025494
604025864
604025865
604025866
604025867
604025868
604025869
604025870
604025880
604025881
604025882
604025883
604025884
604025885
604025886
604025896
604025897
604025898
604025899
604025900
604025901
604025902
604025912
604025913
604025914
604025915
604025916
604025917
604025918
604025928
604025929
604025930
604025931
604025932
604025933
604025934
604025944
604025945
604025946
604025947
604025948
604025949
604025950
604025960
604025961
604025962
604025963
604025964
604025965
604025966
604025976
604025977
604025978
604025979
604025980
604025981
604025982
604025992
604025993
604025994
604025995
604025996
604025997
604025998
604026008
604026009
604026010
604026011
604026012
604026013
604026014
604026024
604026025
604026026
604026027
604026028
604026029
604026030
604026040
604026041
604026042
604026043
604026044
604026045
604026046
604026056
604026057
604026058
604026059
604026060
604026061
604026062
604026072
604026073
604026074
604026075
604026076
604026077
604026078
604026088
604026089
604026090
604026091
604026092
604026093
604026094
604026104
604026105
604026106
604026107
604026108
604026109
604026110
604026120
604026121
604026122
604026123
604026124
604026125
604026126
604026136
604026137
604026138
604026139
604026140
604026141
604026142
604025872
604025873
604025874
604025875
604025876
604025877
604025878
604025888
604025889
604025890
604025891
604025892
604025893
604025894
604025904
604025905
604025906
604025907
604025908
604025909
604025910
604025920
604025921
604025922
604025923
604025924
604025925
604025926
604025936
604025937
604025938
604025939
604025940
604025941
604025942
604025952
604025953
604025954
604025955
604025956
604025957
604025958
604025968
604025969
604025970
604025971
604025972
604025973
604025974
604025984
604025985
604025986
604025987
604025988
604025989
604025990
604026000
604026001
604026002
604026003
604026004
604026005
604026006
604026016
604026017
604026018
604026019
604026020
604026021
604026022
604026032
604026033
604026034
604026035
604026036
604026037
604026038
604026048
604026049
604026050
604026051
604026052
604026053
604026054
604026064
604026065
604026066
604026067
604026068
604026069
604026070
604026080
604026081
604026082
604026083
604026084
604026085
604026086
604026096
604026097
604026098
604026099
604026100
604026101
604026102
604026112
604026113
604026114
604026115
604026116
604026117
604026118
604026128
604026129
604026130
604026131
604026132
604026133
604026134
604026144
604026145
604026146
604026147
604026148
604026149
604026150
604029448
604029449
604029450
604029451
604029452
604029453
604029454
604029464
604029465
604029466
604029467
604029468
604029469
604029470
604029480
604029481
604029482
604029483
604029484
604029485
604029486
604029496
604029497
604029498
604029499
604029500
604029501
604029502
604029512
604029513
604029514
604029515
604029516
604029517
604029518
604029528
604029529
604029530
604029531
604029532
604029533
604029534
604029544
604029545
604029546
604029547
604029548
604029549
604029550
604029560
604029561
604029562
604029563
604029564
604029565
604029566
604029576
604029577
604029578
604029579
604029580
604029581
604029582
604029456
604029457
604029458
604029459
604029460
604029461
604029462
604029472
604029473
604029474
604029475
604029476
604029477
604029478
604029488
604029489
604029490
604029491
604029492
604029493
604029494
604029504
604029505
604029506
604029507
604029508
604029509
604029510
604029520
604029521
604029522
604029523
604029524
604029525
604029526
604029536
604029537
604029538
604029539
604029540
604029541
604029542
604029552
604029553
604029554
604029555
604029556
604029557
604029558
604029568
604029569
604029570
604029571
604029572
604029573
604029574
604029584
604029585
604029586
604029587
604029588
604029589
604029590
604029960
604029961
604029962
604029963
604029964
604029965
604029966
604029976
604029977
604029978
604029979
604029980
604029981
604029982
604029992
604029993
604029994
604029995
604029996
604029997
604029998
604030008
604030009
604030010
604030011
604030012
604030013
604030014
604030024
604030025
604030026
604030027
604030028
604030029
604030030
604030040
604030041
604030042
604030043
604030044
604030045
604030046
604030056
604030057
604030058
604030059
604030060
604030061
604030062
604030072
604030073
604030074
604030075
604030076
604030077
604030078
604030088
604030089
604030090
604030091
604030092
604030093
604030094
604030104
604030105
604030106
604030107
604030108
604030109
604030110
604030120
604030121
604030122
604030123
604030124
604030125
604030126
604030136
604030137
604030138
604030139
604030140
604030141
604030142
604030152
604030153
604030154
604030155
604030156
604030157
604030158
604030168
604030169
604030170
604030171
604030172
604030173
604030174
604030184
604030185
604030186
604030187
604030188
604030189
604030190
604030200
604030201
604030202
604030203
604030204
604030205
604030206
604030216
604030217
604030218
604030219
604030220
604030221
604030222
604030232
604030233
604030234
604030235
604030236
604030237
604030238
604029968
604029969
604029970
604029971
604029972
604029973
604029974
604029984
604029985
604029986
604029987
604029988
604029989
604029990
604030000
604030001
604030002
604030003
604030004
604030005
604030006
604030016
604030017
604030018
604030019
604030020
604030021
604030022
604030032
604030033
604030034
604030035
604030036
604030037
604030038
604030048
604030049
604030050
604030051
604030052
604030053
604030054
604030064
604030065
604030066
604030067
604030068
604030069
604030070
604030080
604030081
604030082
604030083
604030084
604030085
604030086
604030096
604030097
604030098
604030099
604030100
604030101
604030102
604030112
604030113
604030114
604030115
604030116
604030117
604030118
604030128
604030129
604030130
604030131
604030132
604030133
604030134
604030144
604030145
604030146
604030147
604030148
604030149
604030150
604030160
604030161
604030162
604030163
604030164
604030165
604030166
604030176
604030177
604030178
604030179
604030180
604030181
604030182
604030192
604030193
604030194
604030195
604030196
604030197
604030198
604030208
604030209
604030210
604030211
604030212
604030213
604030214
604030224
604030225
604030226
604030227
604030228
604030229
604030230
604030240
604030241
604030242
604030243
604030244
604030245
604030246
604050440
604050441
604050442
604050443
604050444
604050445
604050446
604049928
604049929
604049930
604049931
604049932
604049933
604049934
604050456
604050457
604050458
604050459
604050460
604050461
604050462
604049944
604049945
604049946
604049947
604049948
604049949
604049950
604050472
604050473
604050474
604050475
604050476
604050477
604050478
604049960
604049961
604049962
604049963
604049964
604049965
604049966
604050488
604050489
604050490
604050491
604050492
604050493
604050494
604049976
604049977
604049978
604049979
604049980
604049981
604049982
604050504
604050505
604050506
604050507
604050508
604050509
604050510
604049992
604049993
604049994
604049995
604049996
604049997
604049998
604050520
604050521
604050522
604050523
604050524
604050525
604050526
604050008
604050009
604050010
604050011
604050012
604050013
604050014
604050536
604050537
604050538
604050539
604050540
604050541
604050542
604050024
604050025
604050026
604050027
604050028
604050029
604050030
604050552
604050553
604050554
604050555
604050556
604050557
604050558
604050040
604050041
604050042
604050043
604050044
604050045
604050046
604050568
604050569
604050570
604050571
604050572
604050573
604050574
604050056
604050057
604050058
604050059
604050060
604050061
604050062
604050584
604050585
604050586
604050587
604050588
604050589
604050590
604050072
604050073
604050074
604050075
604050076
604050077
604050078
604050600
604050601
604050602
604050603
604050604
604050605
604050606
604050088
604050089
604050090
604050091
604050092
604050093
604050094
604050616
604050617
604050618
604050619
604050620
604050621
604050622
604050104
604050105
604050106
604050107
604050108
604050109
604050110
604050632
604050633
604050634
604050635
604050636
604050637
604050638
604050120
604050121
604050122
604050123
604050124
604050125
604050126
604050648
604050649
604050650
604050651
604050652
604050653
604050654
604050136
604050137
604050138
604050139
604050140
604050141
604050142
604050664
604050665
604050666
604050667
604050668
604050669
604050670
604050152
604050153
604050154
604050155
604050156
604050157
604050158
604050680
604050681
604050682
604050683
604050684
604050685
604050686
604050168
604050169
604050170
604050171
604050172
604050173
604050174
604050696
604050697
604050698
604050699
604050700
604050701
604050702
604050184
604050185
604050186
604050187
604050188
604050189
604050190
604050712
604050713
604050714
604050715
604050716
604050717
604050718
604050200
604050201
604050202
604050203
604050204
604050205
604050206
604050448
604050449
604050450
604050451
604050452
604050453
604050454
604049936
604049937
604049938
604049939
604049940
604049941
604049942
604050464
604050465
604050466
604050467
604050468
604050469
604050470
604049952
604049953
604049954
604049955
604049956
604049957
604049958
604050480
604050481
604050482
604050483
604050484
604050485
604050486
604049968
604049969
604049970
604049971
604049972
604049973
604049974
604050496
604050497
604050498
604050499
604050500
604050501
604050502
604049984
604049985
604049986
604049987
604049988
604049989
604049990
604050512
604050513
604050514
604050515
604050516
604050517
604050518
604050000
604050001
604050002
604050003
604050004
604050005
604050006
604050528
604050529
604050530
604050531
604050532
604050533
604050534
604050016
604050017
604050018
604050019
604050020
604050021
604050022
604050544
604050545
604050546
604050547
604050548
604050549
604050550
604050032
604050033
604050034
604050035
604050036
604050037
604050038
604050560
604050561
604050562
604050563
604050564
604050565
604050566
604050048
604050049
604050050
604050051
604050052
604050053
604050054
604050576
604050577
604050578
604050579
604050580
604050581
604050582
604050064
604050065
604050066
604050067
604050068
604050069
604050070
604050592
604050593
604050594
604050595
604050596
604050597
604050598
604050080
604050081
604050082
604050083
604050084
604050085
604050086
604050608
604050609
604050610
604050611
604050612
604050613
604050614
604050096
604050097
604050098
604050099
604050100
604050101
604050102
604050624
604050625
604050626
604050627
604050628
604050629
604050630
604050112
604050113
604050114
604050115
604050116
604050117
604050118
604050640
604050641
604050642
604050643
604050644
604050645
604050646
604050128
604050129
604050130
604050131
604050132
604050133
604050134
604050656
604050657
604050658
604050659
604050660
604050661
604050662
604050144
604050145
604050146
604050147
604050148
604050149
604050150
604050672
604050673
604050674
604050675
604050676
604050677
604050678
604050160
604050161
604050162
604050163
604050164
604050165
604050166
604050688
604050689
604050690
604050691
604050692
604050693
604050694
604050176
604050177
604050178
604050179
604050180
604050181
604050182
604050704
604050705
604050706
604050707
604050708
604050709
604050710
604050192
604050193
604050194
604050195
604050196
604050197
604050198
604050720
604050721
604050722
604050723
604050724
604050725
604050726
604050208
604050209
604050210
604050211
604050212
604050213
604050214
604050952
604050953
604050954
604050955
604050956
604050957
604050958
604050968
604050969
604050970
604050971
604050972
604050973
604050974
604050984
604050985
604050986
604050987
604050988
604050989
604050990
604051000
604051001
604051002
604051003
604051004
604051005
604051006
604051016
604051017
604051018
604051019
604051020
604051021
604051022
604051032
604051033
604051034
604051035
604051036
604051037
604051038
604051048
604051049
604051050
604051051
604051052
604051053
604051054
604051064
604051065
604051066
604051067
604051068
604051069
604051070
604051080
604051081
604051082
604051083
604051084
604051085
604051086
604051096
604051097
604051098
604051099
604051100
604051101
604051102
604051112
604051113
604051114
604051115
604051116
604051117
604051118
604051128
604051129
604051130
604051131
604051132
604051133
604051134
604051144
604051145
604051146
604051147
604051148
604051149
604051150
604051160
604051161
604051162
604051163
604051164
604051165
604051166
604051176
604051177
604051178
604051179
604051180
604051181
604051182
604051192
604051193
604051194
604051195
604051196
604051197
604051198
604051208
604051209
604051210
604051211
604051212
604051213
604051214
604051224
604051225
604051226
604051227
604051228
604051229
604051230
604050960
604050961
604050962
604050963
604050964
604050965
604050966
604050976
604050977
604050978
604050979
604050980
604050981
604050982
604050992
604050993
604050994
604050995
604050996
604050997
604050998
604051008
604051009
604051010
604051011
604051012
604051013
604051014
604051024
604051025
604051026
604051027
604051028
604051029
604051030
604051040
604051041
604051042
604051043
604051044
604051045
604051046
604051056
604051057
604051058
604051059
604051060
604051061
604051062
604051072
604051073
604051074
604051075
604051076
604051077
604051078
604051088
604051089
604051090
604051091
604051092
604051093
604051094
604051104
604051105
604051106
604051107
604051108
604051109
604051110
604051120
604051121
604051122
604051123
604051124
604051125
604051126
604051136
604051137
604051138
604051139
604051140
604051141
604051142
604051152
604051153
604051154
604051155
604051156
604051157
604051158
604051168
604051169
604051170
604051171
604051172
604051173
604051174
604051184
604051185
604051186
604051187
604051188
604051189
604051190
604051200
604051201
604051202
604051203
604051204
604051205
604051206
604051216
604051217
604051218
604051219
604051220
604051221
604051222
604051232
604051233
604051234
604051235
604051236
604051237
604051238
604051464
604051465
604051466
604051467
604051468
604051469
604051470
604051472
604051473
604051474
604051475
604051476
604051477
604051478
604051480
604051481
604051482
604051483
604051484
604051485
604051486
604051488
604051489
604051490
604051491
604051492
604051493
604051494
604051496
604051497
604051498
604051499
604051500
604051501
604051502
604051504
604051505
604051506
604051507
604051508
604051509
604051510
604051512
604051513
604051514
604051515
604051516
604051517
604051518
604051520
604051521
604051522
604051523
604051524
604051525
604051526
604051528
604051529
604051530
604051531
604051532
604051533
604051534
604051536
604051537
604051538
604051539
604051540
604051541
604051542
604051544
604051545
604051546
604051547
604051548
604051549
604051550
604051552
604051553
604051554
604051555
604051556
604051557
604051558
604051560
604051561
604051562
604051563
604051564
604051565
604051566
604051568
604051569
604051570
604051571
604051572
604051573
604051574
604051576
604051577
604051578
604051579
604051580
604051581
604051582
604051584
604051585
604051586
604051587
604051588
604051589
604051590
604051592
604051593
604051594
604051595
604051596
604051597
604051598
604051600
604051601
604051602
604051603
604051604
604051605
604051606
604051608
604051609
604051610
604051611
604051612
604051613
604051614
604051616
604051617
604051618
604051619
604051620
604051621
604051622
604051624
604051625
604051626
604051627
604051628
604051629
604051630
604051632
604051633
604051634
604051635
604051636
604051637
604051638
604051640
604051641
604051642
604051643
604051644
604051645
604051646
604051648
604051649
604051650
604051651
604051652
604051653
604051654
604051656
604051657
604051658
604051659
604051660
604051661
604051662
604051664
604051665
604051666
604051667
604051668
604051669
604051670
604051672
604051673
604051674
604051675
604051676
604051677
604051678
604051680
604051681
604051682
604051683
604051684
604051685
604051686
604051688
604051689
604051690
604051691
604051692
604051693
604051694
604051696
604051697
604051698
604051699
604051700
604051701
604051702
604051704
604051705
604051706
604051707
604051708
604051709
604051710
604051712
604051713
604051714
604051715
604051716
604051717
604051718
604051720
604051721
604051722
604051723
604051724
604051725
604051726
604051728
604051729
604051730
604051731
604051732
604051733
604051734
604051736
604051737
604051738
604051739
604051740
604051741
604051742
604051744
604051745
604051746
604051747
604051748
604051749
604051750
604054024
604054025
604054026
604054027
604054028
604054029
604054030
604054040
604054041
604054042
604054043
604054044
604054045
604054046
604054056
604054057
604054058
604054059
604054060
604054061
604054062
604054072
604054073
604054074
604054075
604054076
604054077
604054078
604054088
604054089
604054090
604054091
604054092
604054093
604054094
604054104
604054105
604054106
604054107
604054108
604054109
604054110
604054120
604054121
604054122
604054123
604054124
604054125
604054126
604054136
604054137
604054138
604054139
604054140
604054141
604054142
604054152
604054153
604054154
604054155
604054156
604054157
604054158
604054032
604054033
604054034
604054035
604054036
604054037
604054038
604054048
604054049
604054050
604054051
604054052
604054053
604054054
604054064
604054065
604054066
604054067
604054068
604054069
604054070
604054080
604054081
604054082
604054083
604054084
604054085
604054086
604054096
604054097
604054098
604054099
604054100
604054101
604054102
604054112
604054113
604054114
604054115
604054116
604054117
604054118
604054128
604054129
604054130
604054131
604054132
604054133
604054134
604054144
604054145
604054146
604054147
604054148
604054149
604054150
604054160
604054161
604054162
604054163
604054164
604054165
604054166
604054536
604054537
604054538
604054539
604054540
604054541
604054542
604054552
604054553
604054554
604054555
604054556
604054557
604054558
604054568
604054569
604054570
604054571
604054572
604054573
604054574
604054584
604054585
604054586
604054587
604054588
604054589
604054590
604054600
604054601
604054602
604054603
604054604
604054605
604054606
604054616
604054617
604054618
604054619
604054620
604054621
604054622
604054632
604054633
604054634
604054635
604054636
604054637
604054638
604054648
604054649
604054650
604054651
604054652
604054653
604054654
604054664
604054665
604054666
604054667
604054668
604054669
604054670
604054680
604054681
604054682
604054683
604054684
604054685
604054686
604054696
604054697
604054698
604054699
604054700
604054701
604054702
604054712
604054713
604054714
604054715
604054716
604054717
604054718
604054728
604054729
604054730
604054731
604054732
604054733
604054734
604054744
604054745
604054746
604054747
604054748
604054749
604054750
604054760
604054761
604054762
604054763
604054764
604054765
604054766
604054776
604054777
604054778
604054779
604054780
604054781
604054782
604054792
604054793
604054794
604054795
604054796
604054797
604054798
604054808
604054809
604054810
604054811
604054812
604054813
604054814
604054544
604054545
604054546
604054547
604054548
604054549
604054550
604054560
604054561
604054562
604054563
604054564
604054565
604054566
604054576
604054577
604054578
604054579
604054580
604054581
604054582
604054592
604054593
604054594
604054595
604054596
604054597
604054598
604054608
604054609
604054610
604054611
604054612
604054613
604054614
604054624
604054625
604054626
604054627
604054628
604054629
604054630
604054640
604054641
604054642
604054643
604054644
604054645
604054646
604054656
604054657
604054658
604054659
604054660
604054661
604054662
604054672
604054673
604054674
604054675
604054676
604054677
604054678
604054688
604054689
604054690
604054691
604054692
604054693
604054694
604054704
604054705
604054706
604054707
604054708
604054709
604054710
604054720
604054721
604054722
604054723
604054724
604054725
604054726
604054736
604054737
604054738
604054739
604054740
604054741
604054742
604054752
604054753
604054754
604054755
604054756
604054757
604054758
604054768
604054769
604054770
604054771
604054772
604054773
604054774
604054784
604054785
604054786
604054787
604054788
604054789
604054790
604054800
604054801
604054802
604054803
604054804
604054805
604054806
604054816
604054817
604054818
604054819
604054820
604054821
604054822
604058120
604058121
604058122
604058123
604058124
604058125
604058126
604058136
604058137
604058138
604058139
604058140
604058141
604058142
604058152
604058153
604058154
604058155
604058156
604058157
604058158
604058168
604058169
604058170
604058171
604058172
604058173
604058174
604058184
604058185
604058186
604058187
604058188
604058189
604058190
604058200
604058201
604058202
604058203
604058204
604058205
604058206
604058216
604058217
604058218
604058219
604058220
604058221
604058222
604058232
604058233
604058234
604058235
604058236
604058237
604058238
604058248
604058249
604058250
604058251
604058252
604058253
604058254
604058128
604058129
604058130
604058131
604058132
604058133
604058134
604058144
604058145
604058146
604058147
604058148
604058149
604058150
604058160
604058161
604058162
604058163
604058164
604058165
604058166
604058176
604058177
604058178
604058179
604058180
604058181
604058182
604058192
604058193
604058194
604058195
604058196
604058197
604058198
604058208
604058209
604058210
604058211
604058212
604058213
604058214
604058224
604058225
604058226
604058227
604058228
604058229
604058230
604058240
604058241
604058242
604058243
604058244
604058245
604058246
604058256
604058257
604058258
604058259
604058260
604058261
604058262
604058632
604058633
604058634
604058635
604058636
604058637
604058638
604058648
604058649
604058650
604058651
604058652
604058653
604058654
604058664
604058665
604058666
604058667
604058668
604058669
604058670
604058680
604058681
604058682
604058683
604058684
604058685
604058686
604058696
604058697
604058698
604058699
604058700
604058701
604058702
604058712
604058713
604058714
604058715
604058716
604058717
604058718
604058728
604058729
604058730
604058731
604058732
604058733
604058734
604058744
604058745
604058746
604058747
604058748
604058749
604058750
604058760
604058761
604058762
604058763
604058764
604058765
604058766
604058776
604058777
604058778
604058779
604058780
604058781
604058782
604058792
604058793
604058794
604058795
604058796
604058797
604058798
604058808
604058809
604058810
604058811
604058812
604058813
604058814
604058824
604058825
604058826
604058827
604058828
604058829
604058830
604058840
604058841
604058842
604058843
604058844
604058845
604058846
604058856
604058857
604058858
604058859
604058860
604058861
604058862
604058872
604058873
604058874
604058875
604058876
604058877
604058878
604058888
604058889
604058890
604058891
604058892
604058893
604058894
604058904
604058905
604058906
604058907
604058908
604058909
604058910
604058640
604058641
604058642
604058643
604058644
604058645
604058646
604058656
604058657
604058658
604058659
604058660
604058661
604058662
604058672
604058673
604058674
604058675
604058676
604058677
604058678
604058688
604058689
604058690
604058691
604058692
604058693
604058694
604058704
604058705
604058706
604058707
604058708
604058709
604058710
604058720
604058721
604058722
604058723
604058724
604058725
604058726
604058736
604058737
604058738
604058739
604058740
604058741
604058742
604058752
604058753
604058754
604058755
604058756
604058757
604058758
604058768
604058769
604058770
604058771
604058772
604058773
604058774
604058784
604058785
604058786
604058787
604058788
604058789
604058790
604058800
604058801
604058802
604058803
604058804
604058805
604058806
604058816
604058817
604058818
604058819
604058820
604058821
604058822
604058832
604058833
604058834
604058835
604058836
604058837
604058838
604058848
604058849
604058850
604058851
604058852
604058853
604058854
604058864
604058865
604058866
604058867
604058868
604058869
604058870
604058880
604058881
604058882
604058883
604058884
604058885
604058886
604058896
604058897
604058898
604058899
604058900
604058901
604058902
604058912
604058913
604058914
604058915
604058916
604058917
604058918
604062216
604062217
604062218
604062219
604062220
604062221
604062222
604062232
604062233
604062234
604062235
604062236
604062237
604062238
604062248
604062249
604062250
604062251
604062252
604062253
604062254
604062264
604062265
604062266
604062267
604062268
604062269
604062270
604062280
604062281
604062282
604062283
604062284
604062285
604062286
604062296
604062297
604062298
604062299
604062300
604062301
604062302
604062312
604062313
604062314
604062315
604062316
604062317
604062318
604062328
604062329
604062330
604062331
604062332
604062333
604062334
604062344
604062345
604062346
604062347
604062348
604062349
604062350
604062224
604062225
604062226
604062227
604062228
604062229
604062230
604062240
604062241
604062242
604062243
604062244
604062245
604062246
604062256
604062257
604062258
604062259
604062260
604062261
604062262
604062272
604062273
604062274
604062275
604062276
604062277
604062278
604062288
604062289
604062290
604062291
604062292
604062293
604062294
604062304
604062305
604062306
604062307
604062308
604062309
604062310
604062320
604062321
604062322
604062323
604062324
604062325
604062326
604062336
604062337
604062338
604062339
604062340
604062341
604062342
604062352
604062353
604062354
604062355
604062356
604062357
604062358
604062728
604062729
604062730
604062731
604062732
604062733
604062734
604062744
604062745
604062746
604062747
604062748
604062749
604062750
604062760
604062761
604062762
604062763
604062764
604062765
604062766
604062776
604062777
604062778
604062779
604062780
604062781
604062782
604062792
604062793
604062794
604062795
604062796
604062797
604062798
604062808
604062809
604062810
604062811
604062812
604062813
604062814
604062824
604062825
604062826
604062827
604062828
604062829
604062830
604062840
604062841
604062842
604062843
604062844
604062845
604062846
604062856
604062857
604062858
604062859
604062860
604062861
604062862
604062872
604062873
604062874
604062875
604062876
604062877
604062878
604062888
604062889
604062890
604062891
604062892
604062893
604062894
604062904
604062905
604062906
604062907
604062908
604062909
604062910
604062920
604062921
604062922
604062923
604062924
604062925
604062926
604062936
604062937
604062938
604062939
604062940
604062941
604062942
604062952
604062953
604062954
604062955
604062956
604062957
604062958
604062968
604062969
604062970
604062971
604062972
604062973
604062974
604062984
604062985
604062986
604062987
604062988
604062989
604062990
604063000
604063001
604063002
604063003
604063004
604063005
604063006
604062736
604062737
604062738
604062739
604062740
604062741
604062742
604062752
604062753
604062754
604062755
604062756
604062757
604062758
604062768
604062769
604062770
604062771
604062772
604062773
604062774
604062784
604062785
604062786
604062787
604062788
604062789
604062790
604062800
604062801
604062802
604062803
604062804
604062805
604062806
604062816
604062817
604062818
604062819
604062820
604062821
604062822
604062832
604062833
604062834
604062835
604062836
604062837
604062838
604062848
604062849
604062850
604062851
604062852
604062853
604062854
604062864
604062865
604062866
604062867
604062868
604062869
604062870
604062880
604062881
604062882
604062883
604062884
604062885
604062886
604062896
604062897
604062898
604062899
604062900
604062901
604062902
604062912
604062913
604062914
604062915
604062916
604062917
604062918
604062928
604062929
604062930
604062931
604062932
604062933
604062934
604062944
604062945
604062946
604062947
604062948
604062949
604062950
604062960
604062961
604062962
604062963
604062964
604062965
604062966
604062976
604062977
604062978
604062979
604062980
604062981
604062982
604062992
604062993
604062994
604062995
604062996
604062997
604062998
604063008
604063009
604063010
604063011
604063012
604063013
604063014
