25.9816
25.6509
25.6955
25.4656
24.723
23.4769
26.0833
24.5435
23.9149
24.8794
25.0013
26.0944
24.5483
26.7474
25.7188
26.7991
25.0858
24.1289
23.7159
23.7199
25.401
26.1304
26.4139
23.8196
24.9782
23.7707
25.0068
25.336
25.0337
26.0241
25.2833
25.8781
26.1312
27.4756
26.8386
23.9165
25.2346
24.3161
25.8207
24.8839
24.5255
25.129
25.1556
24.1416
24.906
25.745
24.5008
25.7446
23.6625
23.4842
25.2781
27.5238
24.118
24.6131
25.576
24.5903
25.5383
25.9714
26.1259
25.3581
24.2222
23.5639
23.0584
25.0152
25.2967
25.2128
25.4024
23.3866
26.1718
22.7473
24.9043
24.042
25.3757
25.128
24.6746
24.6555
24.8475
25.2277
23.2819
25.3819
22.9238
25.7344
25.688
23.5994
23.6495
25.3504
24.9028
25.6531
23.9067
23.1952
23.9009
22.6888
25.3048
25.8083
26.3311
25.5785
26.3359
25.656
26.2305
23.2303
24.8523
24.6167
25.8689
24.9823
25.0046
26.5497
25.4255
25.3287
23.564
24.3139
25.6583
25.2047
24.9446
25.5881
25.5696
25.4608
25.3574
25.7123
24.8885
24.6379
23.9169
25.6122
25.8144
25.0095
25.6675
24.9904
23.4414
23.7311
24.6818
24.4859
26.6616
25.9947
26.9093
23.609
23.4582
23.932
24.1584
26.3363
26.3169
25.3257
25.933
24.5465
24.6753
24.9075
24.8256
25.6291
25.1062
25.339
25.0841
23.3436
24.8574
25.4873
25.2762
26.6615
25.1013
24.4974
24.4289
24.7502
24.2174
24.8918
25.2437
24.7748
23.3672
26.8145
26.5246
25.8006
24.9568
24.6241
25.3038
24.2127
25.4496
25.1732
25.6019
25.7878
26.7048
24.2778
23.2943
24.515
25.2932
24.3527
25.2574
26.0342
24.3976
26.1392
24.889
24.6091
26.0775
25.9946
26.3149
23.6665
23.844
23.9292
24.8964
24.6754
24.6285
25.0149
24.7471
26.501
26.0496
26.4008
23.4636
23.2851
24.4794
26.3394
24.4235
25.2883
25.232
23.4698
27.254
25.0608
25.7347
25.1944
23.6481
25.512
25.3009
24.5867
26.6041
26.105
26.1506
27.4605
26.0246
24.1134
24.7798
25.6674
24.266
26.2945
26.1645
23.6866
25.2731
24.6154
25.6258
25.8905
24.5127
25.2278
25.0439
25.1435
23.6042
24.599
26.5504
24.7035
25.8221
25.9542
25.08
24.8823
27.1747
24.7449
24.062
23.0855
25.9047
26.8548
