637566980 24.8465
637599748 25.1346
637632516 24.3874
637566982 25.5519
637599750 25.724
637632518 24.3444
637566984 21.908
637599752 25.9741
637632520 25.0811
637566986 23.8241
637599754 25.3807
637632522 23.9424
637566989 26.0048
637632525 25.3987
637566993 24.0165
637632529 24.7814
637566997 26.1445
637632533 24.2989
637567001 23.4535
637632537 25.8705
637567005 25.0824
637632541 25.1738
637567108 25.386
637599876 24.6962
637632644 26.3236
637567110 24.6975
637599878 23.9715
637632646 26.8104
637567112 25.7289
637599880 25.9093
637632648 27.2037
637567114 25.9685
637599882 25.8212
637632650 26.0137
637567117 25.7839
637632653 24.8718
637567121 25.9336
637632657 23.8215
637567125 26.588
637632661 24.1875
637567129 24.2898
637632665 25.0876
637567133 25.5659
637632669 25.7494
637567236 25.9873
637600004 26.2085
637632772 25.3158
637567238 25.5044
637600006 25.2219
637632774 23.4816
637567240 25.2453
637600008 23.7504
637632776 25.3253
637567242 23.8699
637600010 25.6775
637632778 24.5254
637567245 24.7735
637632781 25.3332
637567249 25.0423
637632785 25.5976
637567253 25.6058
637632789 24.9567
637567257 25.0807
637632793 23.7012
637567261 26.9134
637632797 24.2076
637567364 23.0282
637600132 24.2328
637632900 23.8158
637567366 24.0263
637600134 26.8876
637632902 25.7912
637567368 26.816
637600136 24.0489
637632904 23.3791
637567370 25.0054
637600138 24.3062
637632906 24.6463
637567373 24.8419
637632909 24.927
637567377 23.5907
637632913 25.0362
637567381 26.2244
637632917 24.6176
637567385 25.0131
637632921 25.3042
637567389 25.3084
637632925 26.6004
637567492 25.1611
637600260 24.3691
637633028 23.4816
637567494 25.8851
637600262 25.4166
637633030 25.041
637567496 23.5582
637600264 22.5417
637633032 26.2332
637567498 25.3114
637600266 24.9028
637633034 25.6457
637567501 25.7074
637633037 25.2049
637567505 24.0189
637633041 24.9738
637567509 24.3768
637633045 25.554
637567513 25.1001
637633049 25.242
637567517 24.013
637633053 24.7123
637567620 24.0625
637600388 25.7539
637633156 24.1536
637567622 25.287
637600390 25.2656
637633158 24.7913
637567624 24.5854
637600392 25.3237
637633160 24.1299
637567626 24.1766
637600394 24.5856
637633162 23.8162
637567629 26.7471
637633165 25.3798
637567633 23.9956
637633169 24.2983
637567637 24.6677
637633173 26.1647
637567641 22.2341
637633177 26.4047
637567645 25.446
637633181 26.624
637567757 24.9568
637633293 26.1349
637567761 26.4021
637633297 24.9526
637567765 23.0045
637633301 24.0834
637567769 25.4962
637633305 23.8373
637567773 23.1138
637633309 22.8617
637567885 25.8374
637633421 25.4807
637567889 26.0768
637633425 26.7456
637567893 26.2076
637633429 25.0991
637567897 25.4442
637633433 24.3482
637567901 25.6258
637633437 25.4607
637568013 24.4115
637633549 25.5729
637568017 25.7291
637633553 23.0771
637568021 23.913
637633557 24.6529
637568025 26.3764
637633561 24.26
637568029 25.4188
637633565 24.9577
637568141 24.8873
637633677 26.5933
637568145 23.7545
637633681 25.7473
637568149 25.6241
637633685 24.0645
637568153 25.2971
637633689 24.7473
637568157 24.9657
637633693 24.5765
637568269 25.4256
637633805 24.5674
637568273 24.7403
637633809 24.9866
637568277 24.9231
637633813 24.9391
637568281 24.9015
637633817 25.9414
637568285 24.6063
637633821 24.571
637568397 24.4372
637633933 24.5167
637568401 26.7532
637633937 24.4662
637568405 26.2527
637633941 25.3577
637568409 24.2152
637633945 22.5855
637568413 23.7783
637633949 24.6203
637571076 24.7665
637603844 25.2037
637636612 25.3383
637571078 24.4135
637603846 25.5197
637636614 26.4513
637571080 25.4199
637603848 25.2076
637636616 24.8337
637571082 25.2506
637603850 23.4634
637636618 22.1434
637571204 24.1488
637603972 24.2149
637636740 26.6089
637571206 25.4256
637603974 23.5617
637636742 25.3345
637571208 23.6372
637603976 24.2565
637636744 25.4351
637571210 24.7256
637603978 24.3871
637636746 23.8164
637571332 24.7005
637604100 25.7409
637636868 24.317
637571334 25.4792
637604102 23.0774
637636870 24.357
637571336 25.3297
637604104 25.7492
637636872 24.2797
637571338 24.3936
637604106 24.7447
637636874 24.5126
637571460 26.4597
637604228 24.6005
637636996 24.7149
637571462 24.5475
637604230 24.3968
637636998 23.7672
637571464 23.444
637604232 24.3364
637637000 26.2301
637571466 24.3137
637604234 25.188
637637002 26.5477
637571588 24.6793
637604356 25.0713
637637124 25.0808
637571590 24.5266
637604358 24.5448
637637126 24.9118
637571592 26.0458
637604360 23.5568
637637128 26.2806
637571594 23.5632
637604362 24.1462
637637130 25.3256
637571716 25.4293
637604484 24.2568
637637252 25.6543
637571718 25.7495
637604486 25.2277
637637254 26.8042
637571720 24.4521
637604488 25.4618
637637256 23.7004
637571722 23.5522
637604490 24.8023
637637258 25.7116
637575172 23.7335
637607940 24.7531
637640708 24.005
637575174 24.0293
637607942 26.8557
637640710 25.2433
637575176 24.606
637607944 25.0298
637640712 23.7335
637575178 24.9375
637607946 26.022
637640714 26.156
637575300 24.935
637608068 23.6812
637640836 25.2729
637575302 24.0388
637608070 24.8124
637640838 23.7379
637575304 24.3
637608072 24.5897
637640840 25.6769
637575306 24.6434
637608074 24.4711
637640842 23.5416
637575428 23.961
637608196 24.6523
637640964 22.8875
637575430 23.8316
637608198 24.7247
637640966 23.5992
637575432 25.2567
637608200 25.6299
637640968 24.0222
637575434 25.0953
637608202 24.14
637640970 24.9137
637575556 26.6304
637608324 25.7467
637641092 24.5806
637575558 25.0488
637608326 24.0545
637641094 25.813
637575560 23.3672
637608328 24.8589
637641096 25.7161
637575562 25.1284
637608330 24.3639
637641098 25.267
637575684 23.7657
637608452 23.6709
637641220 25.5647
637575686 24.285
637608454 25.9957
637641222 25.2374
637575688 25.9977
637608456 24.1927
637641224 25.9011
637575690 24.1974
637608458 25.1639
637641226 25.1789
637575812 23.5106
637608580 25.3049
637641348 26.4052
637575814 23.3376
637608582 25.1563
637641350 26.114
637575816 23.8583
637608584 26.5658
637641352 25.5017
637575818 24.2853
637608586 26.4933
637641354 25.0336
637579268 25.0991
637612036 24.0349
637644804 25.7004
637579270 25.9802
637612038 24.6125
637644806 25.0159
637579272 26.0124
637612040 23.9951
637644808 23.4055
637579274 26.0142
637612042 25.6912
637644810 24.1884
637579396 26.3846
637612164 25.269
637644932 26.5522
637579398 25.0465
637612166 25.1808
637644934 25.3904
637579400 24.9312
637612168 25.1959
637644936 26.1452
637579402 24.7415
637612170 24.9596
637644938 25.8113
637579524 24.471
637612292 23.1771
637645060 25.1178
637579526 24.6276
637612294 24.7912
637645062 26.07
637579528 24.1953
637612296 24.6383
637645064 25.0503
637579530 23.8607
637612298 24.1604
637645066 22.9902
637579652 25.571
637612420 23.2338
637645188 25.7805
637579654 24.1097
637612422 25.8857
637645190 23.3747
637579656 23.4091
637612424 24.6207
637645192 24.2772
637579658 24.3283
637612426 23.186
637645194 25.898
637579780 25.0062
637612548 25.1647
637645316 23.649
637579782 24.4532
637612550 25.1383
637645318 23.1734
637579784 24.0258
637612552 24.2891
637645320 25.3327
637579786 25.8796
637612554 24.5647
637645322 26.2807
637579908 25.9911
637612676 23.9156
637645444 25.0528
637579910 25.4116
637612678 23.922
637645446 25.0319
637579912 23.7153
637612680 24.7278
637645448 25.283
637579914 25.4708
637612682 24.7518
637645450 25.5421
637583364 25.7051
637616132 23.5662
637648900 25.0666
637583366 24.1282
637616134 24.4353
637648902 26.6794
637583368 25.7943
637616136 25.257
637648904 26.4871
637583370 25.9332
637616138 24.6404
637648906 24.7629
637583492 23.9431
637616260 24.8382
637649028 24.0271
637583494 22.968
637616262 23.4054
637649030 25.6197
637583496 24.5512
637616264 23.6613
637649032 25.555
637583498 24.0038
637616266 26.4822
637649034 24.8214
637583620 24.4236
637616388 24.4212
637649156 25.2978
637583622 26.5944
637616390 25.5476
637649158 26.9933
637583624 26.3171
637616392 25.155
637649160 24.8437
637583626 24.1133
637616394 25.4662
637649162 24.3658
637583748 26.6835
637616516 25.3651
637649284 24.2502
637583750 25.1879
637616518 24.4632
637649286 25.4841
637583752 25.5957
637616520 24.4373
637649288 25.0257
637583754 25.7227
637616522 24.6679
637649290 25.3301
637583876 22.8643
637616644 25.8374
637649412 25.3794
637583878 24.4513
637616646 25.9147
637649414 26.5585
637583880 24.2207
637616648 24.6013
637649416 25.2295
637583882 25.3128
637616650 27.1561
637649418 25.783
637584004 25.4336
637616772 24.085
637649540 25.1693
637584006 23.6698
637616774 24.1225
637649542 24.511
637584008 25.5922
637616776 25.2139
637649544 25.0067
637584010 26.0516
637616778 25.3699
637649546 25.3372
637587460 25.3758
637620228 24.21
637652996 23.714
637587462 25.182
637620230 25.8658
637652998 25.2975
637587464 24.4468
637620232 23.9275
637653000 25.1212
637587466 25.3958
637620234 25.2766
637653002 24.305
637587588 24.8313
637620356 26.7536
637653124 25.2898
637587590 24.0799
637620358 25.4831
637653126 25.1363
637587592 24.3365
637620360 25.4983
637653128 24.5902
637587594 22.8958
637620362 23.1507
637653130 24.5475
637587716 24.2414
637620484 24.8339
637653252 24.3461
637587718 24.0489
637620486 24.1202
637653254 24.0288
637587720 25.3776
637620488 24.7829
637653256 23.2614
637587722 24.6
637620490 24.6069
637653258 23.7651
637587844 25.454
637620612 24.021
637653380 24.4575
637587846 23.9401
637620614 23.9983
637653382 25.7863
637587848 26.2565
637620616 23.9506
637653384 26.0658
637587850 25.5338
637620618 24.9377
637653386 25.1541
637587972 22.5832
637620740 23.5308
637653508 26.2919
637587974 25.044
637620742 24.4837
637653510 25.2924
637587976 25.3971
637620744 24.8427
637653512 26.8808
637587978 23.6666
637620746 25.8762
637653514 26.5178
637588100 24.8407
637620868 24.2623
637653636 25.8925
637588102 24.5798
637620870 23.2278
637653638 26.3642
637588104 25.8769
637620872 25.4073
637653640 25.6375
637588106 26.2481
637620874 26.5982
637653642 26.1924
637569037 24.6826
637634573 24.632
637569041 25.1501
637634577 25.7961
637569045 27.6541
637634581 24.9297
637569049 25.0353
637634585 26.9739
637569053 23.9307
637634589 23.6854
637569165 23.1284
637634701 25.5847
637569169 26.7863
637634705 24.523
637569173 23.9533
637634709 24.589
637569177 25.578
637634713 24.4866
637569181 25.3102
637634717 25.5966
637569293 24.475
637634829 25.8587
637569297 26.1773
637634833 25.427
637569301 24.4151
637634837 24.1059
637569305 24.975
637634841 24.6934
637569309 23.8599
637634845 23.8937
637569421 26.4257
637634957 23.528
637569425 23.4753
637634961 25.5793
637569429 24.0996
637634965 24.4981
637569433 25.5563
637634969 26.5487
637569437 24.3619
637634973 25.0642
637569549 23.582
637635085 23.5145
637569553 25.4034
637635089 23.9645
637569557 24.1689
637635093 27.1639
637569561 24.1972
637635097 25.2047
637569565 24.6481
637635101 25.5586
637569677 24.2566
637635213 23.9629
637569681 25.2908
637635217 26.2882
637569685 25.9729
637635221 24.7457
637569689 26.229
637635225 24.4727
637569693 24.659
637635229 25.2349
637569805 25.086
637635341 25.9355
637569809 24.8009
637635345 24.048
637569813 24.7808
637635349 24.4504
637569817 23.7715
637635353 25.4156
637569821 25.1738
637635357 24.823
637569933 26.5049
637635469 27.0286
637569937 25.9777
637635473 23.7898
637569941 24.8922
637635477 23.7381
637569945 25.3477
637635481 23.8412
637569949 25.4358
637635485 24.6864
637570061 26.6406
637635597 24.6155
637570065 23.8289
637635601 26.363
637570069 26.2351
637635605 23.8087
637570073 25.0616
637635609 26.7073
637570077 25.0416
637635613 25.3159
637570189 25.0555
637635725 25.3742
637570193 24.4075
637635729 26.9758
637570197 25.1028
637635733 24.356
637570201 26.2907
637635737 25.3656
637570205 25.1593
637635741 24.8366
637570317 25.9522
637635853 25.4278
637570321 25.9105
637635857 24.2638
637570325 25.2376
637635861 24.75
637570329 25.0065
637635865 24.9319
637570333 24.2147
637635869 25.0427
637570445 24.7265
637635981 24.6644
637570449 23.7362
637635985 25.7688
637570453 24.059
637635989 25.632
637570457 23.8974
637635993 26.0404
637570461 24.4992
637635997 26.2858
637567012 25.4427
637599780 24.4612
637632548 25.077
637567014 26.3663
637599782 24.4006
637632550 25.3633
637567016 25.8996
637599784 24.5782
637632552 26.1362
637567018 25.4413
637599786 24.3089
637632554 23.6497
637567021 24.8688
637632557 24.843
637567025 25.0464
637599793 24.6994
637632561 24.3216
637567029 25.0741
637599797 24.7754
637632565 25.3835
637567033 25.4747
637599801 25.2919
637632569 23.5869
637567037 25.0876
637632573 24.2549
637567140 25.8475
637599908 26.717
637632676 24.3688
637567142 24.5712
637599910 26.5162
637632678 23.9034
637567144 25.5756
637599912 24.7971
637632680 25.7571
637567146 24.7275
637599914 25.656
637632682 25.3903
637567149 25.3128
637632685 24.3557
637567153 24.7918
637599921 26.7135
637632689 24.8274
637567157 25.8312
637599925 24.0445
637632693 24.6401
637567161 25.5516
637599929 25.5429
637632697 23.5754
637567165 24.7213
637632701 25.7147
637567268 23.7104
637600036 24.1208
637632804 26.4471
637567270 27.2568
637600038 24.2925
637632806 24.1968
637567272 25.8711
637600040 23.3852
637632808 25.5471
637567274 24.323
637600042 23.9704
637632810 24.2959
637567277 25.82
637632813 26.3786
637567281 25.2118
637600049 25.4426
637632817 24.0091
637567285 26.4114
637600053 24.5611
637632821 25.4793
637567289 24.9972
637600057 24.9432
637632825 24.3873
637567293 25.722
637632829 24.4266
637567396 25.3832
637600164 25.634
637632932 24.7729
637567398 26.2285
637600166 25.3655
637632934 24.8075
637567400 24.4063
637600168 24.8006
637632936 25.0727
637567402 24.0712
637600170 24.6557
637632938 23.9824
637567405 23.921
637632941 26.581
637567409 26.8217
637600177 24.3965
637632945 23.7128
637567413 24.3519
637600181 25.1694
637632949 24.4344
637567417 22.8678
637600185 24.8151
637632953 25.2206
637567421 24.0318
637632957 23.3761
637567524 24.7345
637600292 26.2871
637633060 23.5758
637567526 24.9717
637600294 24.5443
637633062 24.9727
637567528 26.3428
637600296 26.345
637633064 24.9986
637567530 24.9844
637600298 26.5193
637633066 25.6428
637567533 23.7607
637633069 24.4819
637567537 26.6826
637600305 25.1651
637633073 24.9674
637567541 24.7933
637600309 23.3427
637633077 26.6396
637567545 25.7592
637600313 26.3736
637633081 24.044
637567549 25.1179
637633085 25.1844
637567652 23.082
637600420 26.4898
637633188 25.2125
637567654 26.537
637600422 24.7266
637633190 25.7735
637567656 23.8892
637600424 23.691
637633192 23.8694
637567658 26.6239
637600426 24.2036
637633194 23.8438
637567661 25.3222
637633197 23.7354
637567665 23.4795
637600433 24.525
637633201 24.7079
637567669 26.5322
637600437 23.6246
637633205 26.0887
637567673 25.7404
637600441 24.4672
637633209 27.3854
637567677 24.7377
637633213 23.491
637567789 25.1218
637633325 24.5743
637567793 24.8693
637600561 24.5006
637633329 25.3176
637567797 25.7726
637600565 23.6281
637633333 24.2957
637567801 25.9044
637600569 26.0729
637633337 25.3437
637567805 25.104
637633341 24.8743
637567917 25.3719
637633453 23.4598
637567921 24.1104
637600689 24.7479
637633457 24.4916
637567925 25.0708
637600693 25.522
637633461 23.2888
637567929 25.2567
637600697 25.8255
637633465 23.508
637567933 25.9889
637633469 25.7164
637568045 25.3985
637633581 25.9026
637568049 25.4875
637600817 24.3377
637633585 24.6258
637568053 24.772
637600821 24.0596
637633589 24.3332
637568057 25.1598
637600825 25.6444
637633593 24.9282
637568061 25.0211
637633597 24.0199
637568173 24.9763
637633709 25.0445
637568177 26.5025
637600945 25.7719
637633713 24.5156
637568181 24.5411
637600949 25.2758
637633717 26.0923
637568185 25.9047
637600953 25.3385
637633721 25.6173
637568189 27.1567
637633725 25.6479
637568301 25.0944
637633837 25.4832
637568305 23.9593
637601073 24.5201
637633841 24.6772
637568309 25.2788
637601077 26.4836
637633845 25.7809
637568313 26.7018
637601081 24.9072
637633849 25.1589
637568317 24.5721
637633853 25.4197
637568429 26.3685
637633965 25.3445
637568433 24.4896
637601201 24.505
637633969 24.4272
637568437 24.7643
637601205 23.3843
637633973 24.4703
637568441 27.1344
637601209 25.1049
637633977 26.085
637568445 23.8696
637633981 24.7905
637571108 25.8837
637603876 24.6883
637636644 23.6118
637571110 27.2036
637603878 24.7931
637636646 25.5981
637571112 25.3201
637603880 24.3105
637636648 22.8529
637571114 24.0378
637603882 25.2434
637636650 25.1903
637571236 23.5598
637604004 25.1908
637636772 26.0598
637571238 24.9136
637604006 24.1715
637636774 25.0972
637571240 24.1902
637604008 23.1064
637636776 26.3152
637571242 25.1278
637604010 24.3886
637636778 24.3065
637571364 25.6578
637604132 24.4914
637636900 24.3765
637571366 24.607
637604134 24.5987
637636902 25.2474
637571368 23.4584
637604136 24.1689
637636904 25.8689
637571370 23.5471
637604138 25.045
637636906 25.8199
637571492 24.7501
637604260 24.7667
637637028 24.355
637571494 22.3037
637604262 27.2346
637637030 24.6738
637571496 23.209
637604264 26.7258
637637032 23.3621
637571498 26.7059
637604266 24.701
637637034 24.6068
637571620 26.7142
637604388 25.7304
637637156 24.0421
637571622 25.4836
637604390 23.5623
637637158 27.0982
637571624 23.9927
637604392 26.4453
637637160 24.2462
637571626 25.7371
637604394 23.8366
637637162 25.2412
637571748 25.3117
637604516 25.5123
637637284 23.8887
637571750 23.595
637604518 23.9825
637637286 25.7109
637571752 25.3689
637604520 24.5913
637637288 23.8101
637571754 23.2835
637604522 23.0314
637637290 24.7747
637575204 23.3213
637607972 23.918
637640740 25.8427
637575206 26.1729
637607974 24.5358
637640742 27.2655
637575208 23.7567
637607976 23.7116
637640744 24.9392
637575210 23.4474
637607978 22.4253
637640746 25.4653
637575332 25.1767
637608100 25.5525
637640868 24.7256
637575334 27.0483
637608102 27.5143
637640870 27.1902
637575336 24.3128
637608104 23.4673
637640872 24.3592
637575338 24.4068
637608106 25.0521
637640874 25.1131
637575460 25.6752
637608228 23.824
637640996 24.2888
637575462 24.1665
637608230 25.2767
637640998 25.7759
637575464 23.8775
637608232 23.7408
637641000 24.4439
637575466 24.0038
637608234 23.733
637641002 26.0903
637575588 26.4278
637608356 23.1429
637641124 25.4921
637575590 25.124
637608358 25.9254
637641126 27.4067
637575592 25.7917
637608360 24.3484
637641128 24.9978
637575594 25.433
637608362 24.6752
637641130 24.6586
637575716 27.043
637608484 23.7834
637641252 26.4795
637575718 26.3431
637608486 24.9223
637641254 23.6051
637575720 25.1184
637608488 26.3572
637641256 25.3396
637575722 26.68
637608490 25.6923
637641258 24.0388
637575844 23.6797
637608612 25.4705
637641380 24.4324
637575846 24.2288
637608614 24.2469
637641382 22.9898
637575848 25.0188
637608616 24.2102
637641384 24.7648
637575850 25.2953
637608618 25.1354
637641386 24.1753
637579300 24.4425
637612068 24.6631
637644836 25.3493
637579302 24.4257
637612070 25.0938
637644838 24.7394
637579304 24.8977
637612072 26.655
637644840 23.4389
637579306 25.9346
637612074 24.8159
637644842 26.2399
637579428 23.8223
637612196 25.8648
637644964 25.9834
637579430 24.1698
637612198 25.0677
637644966 24.9992
637579432 25.6013
637612200 24.5473
637644968 23.9909
637579434 25.2418
637612202 25.8719
637644970 26.0207
637579556 25.6209
637612324 26.8947
637645092 24.7854
637579558 26.3261
637612326 25.8134
637645094 26.0074
637579560 25.3839
637612328 24.5406
637645096 25.4537
637579562 24.715
637612330 24.5089
637645098 24.1563
637579684 25.179
637612452 26.4173
637645220 24.0437
637579686 25.5796
637612454 25.2225
637645222 25.3581
637579688 24.5598
637612456 23.4189
637645224 26.0534
637579690 26.1142
637612458 25.5078
637645226 24.8043
637579812 25.7593
637612580 25.4002
637645348 24.4418
637579814 25.5642
637612582 26.1158
637645350 25.3005
637579816 23.7289
637612584 24.396
637645352 24.7072
637579818 25.176
637612586 25.076
637645354 23.76
637579940 26.6101
637612708 24.6277
637645476 25.7575
637579942 22.9645
637612710 25.8154
637645478 24.764
637579944 24.97
637612712 23.2904
637645480 24.2281
637579946 25.4009
637612714 25.0158
637645482 26.3081
637583396 25.2853
637616164 25.2201
637648932 26.0718
637583398 24.4475
637616166 25.3403
637648934 24.8593
637583400 24.1177
637616168 24.5296
637648936 22.7154
637583402 24.5335
637616170 27.7501
637648938 25.4491
637583524 24.5111
637616292 23.9968
637649060 24.7963
637583526 26.5264
637616294 25.0973
637649062 27.5605
637583528 26.1418
637616296 23.2765
637649064 23.7325
637583530 24.7193
637616298 26.8338
637649066 25.6646
637583652 23.5138
637616420 25.3549
637649188 24.8506
637583654 26.1667
637616422 23.5997
637649190 25.8365
637583656 25.6233
637616424 26.2999
637649192 24.6408
637583658 26.6695
637616426 23.7095
637649194 25.2705
637583780 24.8568
637616548 23.1236
637649316 23.8866
637583782 25.5702
637616550 24.425
637649318 26.5805
637583784 23.5699
637616552 25.0171
637649320 23.997
637583786 24.8015
637616554 25.1118
637649322 23.8867
637583908 24.0573
637616676 22.9127
637649444 25.0189
637583910 25.4531
637616678 25.3474
637649446 24.9856
637583912 24.6587
637616680 25.2364
637649448 25.4974
637583914 24.9411
637616682 25.4958
637649450 24.902
637584036 25.7545
637616804 24.8418
637649572 24.5988
637584038 23.4062
637616806 26.6892
637649574 25.8338
637584040 24.6119
637616808 25.1615
637649576 24.6663
637584042 25.8969
637616810 24.7337
637649578 23.211
637587492 22.8065
637620260 24.7315
637653028 25.4559
637587494 24.2358
637620262 24.2605
637653030 25.2885
637587496 23.9107
637620264 24.5698
637653032 25.4712
637587498 27.7028
637620266 23.8403
637653034 23.205
637587620 22.9242
637620388 25.8622
637653156 26.7393
637587622 24.6345
637620390 25.2147
637653158 25.9647
637587624 24.8654
637620392 25.3055
637653160 25.5972
637587626 24.1328
637620394 25.0563
637653162 25.1536
637587748 26.5196
637620516 25.2813
637653284 24.1792
637587750 23.0071
637620518 24.8995
637653286 25.6153
637587752 25.4335
637620520 25.2594
637653288 24.7867
637587754 23.8994
637620522 25.2269
637653290 25.6869
637587876 24.3533
637620644 26.6082
637653412 26.2026
637587878 24.3687
637620646 25.4913
637653414 24.9102
637587880 24.6698
637620648 25.4334
637653416 23.7564
637587882 24.9962
637620650 25.0603
637653418 24.7032
637588004 23.1454
637620772 25.0164
637653540 24.6944
637588006 23.1055
637620774 26.3996
637653542 23.9017
637588008 24.2038
637620776 23.904
637653544 25.0785
637588010 23.9391
637620778 24.4968
637653546 25.7698
637588132 23.8261
637620900 25.228
637653668 25.6429
637588134 25.0928
637620902 25.1761
637653670 24.0194
637588136 25.8661
637620904 24.8105
637653672 25.4793
637588138 26.0787
637620906 25.3531
637653674 24.7443
637569069 24.9232
637601837 26.0135
637634605 24.3602
637569073 25.5845
637634609 25.1281
637569077 24.359
637634613 25.4202
637569081 25.1131
637634617 24.0742
637569085 25.8352
637601853 26.7034
637634621 26.3146
637569197 26.9172
637601965 23.6114
637634733 25.2888
637569201 25.2448
637634737 26.5836
637569205 23.4725
637634741 24.7255
637569209 24.2043
637634745 24.3311
637569213 24.8544
637601981 26.1578
637634749 23.9897
637569325 26.1099
637602093 24.4858
637634861 24.8026
637569329 23.7812
637634865 24.6731
637569333 25.0313
637634869 25.2015
637569337 24.955
637634873 22.6794
637569341 23.4825
637602109 24.2019
637634877 26.7711
637569453 24.1985
637602221 24.3888
637634989 25.8581
637569457 24.215
637634993 24.2295
637569461 24.7287
637634997 22.6301
637569465 24.9887
637635001 25.4913
637569469 24.5631
637602237 23.402
637635005 23.8548
637569581 23.852
637602349 25.7547
637635117 24.3893
637569585 26.9972
637635121 25.8575
637569589 24.2553
637635125 25.1267
637569593 25.1095
637635129 24.6363
637569597 24.6794
637602365 25.1868
637635133 26.7328
637569709 26.2252
637602477 26.0133
637635245 26.2531
637569713 24.9539
637635249 22.0331
637569717 25.1275
637635253 24.3315
637569721 24.5907
637635257 25.072
637569725 25.8441
637602493 22.4378
637635261 25.1908
637569837 26.4161
637602605 25.9046
637635373 25.306
637569841 24.8228
637635377 25.3103
637569845 25.4193
637635381 25.9086
637569849 24.9006
637635385 25.3414
637569853 23.5442
637602621 24.4577
637635389 26.0782
637569965 23.8838
637602733 25.521
637635501 24.4858
637569969 25.191
637635505 24.2791
637569973 25.6056
637635509 24.2203
637569977 23.9102
637635513 25.7295
637569981 24.9737
637602749 24.971
637635517 26.0258
637570093 24.883
637602861 23.284
637635629 25.2072
637570097 24.7441
637635633 26.2345
637570101 25.1762
637635637 25.6067
637570105 25.1676
637635641 23.9524
637570109 23.7309
637602877 24.5663
637635645 25.9552
637570221 26.2589
637602989 24.9163
637635757 24.5578
637570225 26.6853
637635761 26.0941
637570229 25.831
637635765 25.2843
637570233 24.7026
637635769 23.4593
637570237 26.234
637603005 25.2753
637635773 25.8225
637570349 26.3828
637603117 26.1398
637635885 23.878
637570353 25.2782
637635889 25.5052
637570357 25.323
637635893 24.8019
637570361 25.8826
637635897 24.9187
637570365 24.8224
637603133 24.9095
637635901 25.376
637570477 25.8999
637603245 24.1843
637636013 26.0374
637570481 25.1599
637636017 22.4006
637570485 24.4298
637636021 25.8751
637570489 24.2654
637636025 26.3243
637570493 26.6185
637603261 24.3793
637636029 24.6001
637567044 24.2775
637599812 23.5608
637632580 24.7692
637567046 26.9706
637599814 26.1168
637632582 24.6631
637567048 24.9609
637599816 23.2941
637632584 23.4458
637567050 24.7871
637599818 26.8366
637632586 25.5574
637567053 25.0354
637632589 26.7625
637567057 24.704
637632593 24.2214
637567061 25.728
637632597 23.6671
637567065 23.0565
637632601 24.4103
637567069 25.7968
637632605 24.8878
637567172 25.0338
637599940 25.6377
637632708 24.5168
637567174 23.7055
637599942 26.2081
637632710 23.4032
637567176 24.4252
637599944 24.6066
637632712 26.8411
637567178 26.6084
637599946 25.5548
637632714 23.6499
637567181 26.6489
637632717 24.4164
637567185 25.0758
637632721 25.0538
637567189 25.0494
637632725 25.8825
637567193 24.7236
637632729 24.9302
637567197 26.8523
637632733 24.666
637567300 23.7944
637600068 25.2278
637632836 25.0417
637567302 25.381
637600070 25.0427
637632838 25.6265
637567304 24.8827
637600072 23.7378
637632840 24.6442
637567306 25.6452
637600074 25.493
637632842 25.3852
637567309 24.2868
637632845 23.8512
637567313 24.6274
637632849 24.178
637567317 24.4401
637632853 25.6789
637567321 25.6856
637632857 26.3654
637567325 25.2484
637632861 25.1607
637567428 23.8135
637600196 25.4758
637632964 24.8756
637567430 24.3173
637600198 23.7238
637632966 25.6338
637567432 25.9818
637600200 24.9281
637632968 25.9147
637567434 24.6519
637600202 23.5483
637632970 25.9861
637567437 26.2141
637632973 26.651
637567441 24.3452
637632977 24.6794
637567445 25.037
637632981 24.8617
637567449 26.5089
637632985 25.0393
637567453 23.7526
637632989 25.3276
637567556 24.5233
637600324 26.9226
637633092 24.6076
637567558 25.7213
637600326 23.8038
637633094 25.1429
637567560 24.6159
637600328 26.5953
637633096 23.5137
637567562 25.4683
637600330 26.1173
637633098 25.2329
637567565 26.5916
637633101 24.2432
637567569 24.6682
637633105 25.4831
637567573 24.4638
637633109 23.7119
637567577 23.4401
637633113 24.057
637567581 25.846
637633117 25.198
637567684 25.7399
637600452 24.5701
637633220 26.0847
637567686 22.7451
637600454 25.3341
637633222 25.7548
637567688 25.6254
637600456 24.6079
637633224 23.8023
637567690 24.941
637600458 24.4932
637633226 26.4493
637567693 26.1292
637633229 25.4328
637567697 24.1452
637633233 24.6042
637567701 22.0967
637633237 23.1637
637567705 24.4498
637633241 25.9129
637567709 24.8471
637633245 25.7929
637567821 24.697
637633357 23.4296
637567825 25.0873
637633361 26.6562
637567829 27.5935
637633365 24.0937
637567833 24.1421
637633369 24.9906
637567837 25.1674
637633373 23.8782
637567949 24.7638
637633485 25.41
637567953 25.7129
637633489 25.0395
637567957 25.0696
637633493 26.2084
637567961 26.438
637633497 23.8997
637567965 23.6616
637633501 24.8399
637568077 25.5222
637633613 23.5625
637568081 25.8366
637633617 25.0708
637568085 25.8399
637633621 25.3218
637568089 25.3982
637633625 24.1236
637568093 24.4274
637633629 25.4269
637568205 24.0987
637633741 23.8187
637568209 24.4648
637633745 24.8256
637568213 25.7765
637633749 24.8051
637568217 25.8582
637633753 24.9204
637568221 23.4891
637633757 25.7102
637568333 24.6555
637633869 25.6019
637568337 25.0822
637633873 24.3316
637568341 25.8397
637633877 25.4217
637568345 25.6502
637633881 24.8241
637568349 24.677
637633885 25.2115
637568461 24.4005
637633997 24.278
637568465 25.3812
637634001 22.7757
637568469 26.0458
637634005 25.4316
637568473 25.7737
637634009 25.2822
637568477 23.7482
637634013 26.492
637571140 26.9386
637603908 26.9475
637636676 25.4764
637571142 24.9045
637603910 23.8896
637636678 25.7217
637571144 23.4065
637603912 26.811
637636680 24.7748
637571146 24.6294
637603914 26.1689
637636682 25.1644
637571149 24.4918
637636685 25.8257
637571153 26.8332
637636689 23.1981
637571157 23.616
637636693 24.5628
637571161 25.2899
637636697 23.9429
637571165 26.3976
637636701 25.5871
637571268 24.2134
637604036 23.8604
637636804 25.3162
637571270 24.5728
637604038 24.4406
637636806 24.2997
637571272 25.3043
637604040 23.9583
637636808 26.0656
637571274 23.886
637604042 24.6946
637636810 25.4768
637571277 23.4095
637636813 25.9476
637571281 24.2757
637636817 24.8169
637571285 23.2735
637636821 25.2565
637571289 24.772
637636825 24.9202
637571293 23.5319
637636829 25.4207
637571396 25.2863
637604164 25.4486
637636932 24.795
637571398 26.1233
637604166 24.9159
637636934 26.3219
637571400 24.8571
637604168 25.8377
637636936 25.1019
637571402 26.781
637604170 26.9189
637636938 24.1516
637571405 24.7524
637636941 25.2234
637571409 25.435
637636945 25.4876
637571413 25.7821
637636949 23.3248
637571417 26.8061
637636953 27.1678
637571421 25.056
637636957 25.8889
637571524 24.7086
637604292 24.686
637637060 23.9109
637571526 26.84
637604294 25.3248
637637062 25.8786
637571528 25.9547
637604296 23.7013
637637064 25.1965
637571530 25.1509
637604298 25.2145
637637066 25.9449
637571533 23.1408
637637069 25.286
637571537 25.789
637637073 25.4298
637571541 26.5323
637637077 23.9829
637571545 23.3639
637637081 22.8122
637571549 24.2691
637637085 25.1874
637571652 24.0337
637604420 26.5239
637637188 25.3777
637571654 23.1279
637604422 26.3557
637637190 24.4846
637571656 25.732
637604424 24.2246
637637192 24.2188
637571658 26.6768
637604426 24.2494
637637194 24.5944
637571661 26.7247
637637197 25.0278
637571665 25.0357
637637201 25.0809
637571669 24.3231
637637205 25.6676
637571673 23.0141
637637209 25.894
637571677 25.1095
637637213 25.3139
637571780 27.05
637604548 24.2783
637637316 25.4596
637571782 25.9089
637604550 25.2592
637637318 24.2471
637571784 24.1874
637604552 25.102
637637320 23.4921
637571786 25.1339
637604554 25.4448
637637322 25.1261
637571789 25.4812
637637325 24.6433
637571793 25.2678
637637329 26.0287
637571797 24.0114
637637333 24.3818
637571801 24.6639
637637337 23.0761
637571805 23.6894
637637341 24.3298
637571917 25.5723
637637453 29.0213
637571921 25.9015
637637457 25.3478
637571925 27.6124
637637461 26.2348
637571929 24.5948
637637465 25.3458
637571933 24.7544
637637469 23.9214
637572045 24.6546
637637581 23.561
637572049 25.8436
637637585 23.7039
637572053 24.3329
637637589 25.4462
637572057 25.4127
637637593 25.4385
637572061 25.3124
637637597 24.926
637572173 26.2492
637637709 26.6596
637572177 25.8221
637637713 25.1325
637572181 23.9004
637637717 23.6588
637572185 24.6238
637637721 25.3176
637572189 25.1281
637637725 26.2085
637572301 25.9811
637637837 25.3731
637572305 24.3789
637637841 25.864
637572309 23.3056
637637845 26.2204
637572313 25.0038
637637849 24.5406
637572317 25.4397
637637853 23.6523
637572429 25.2227
637637965 23.8011
637572433 26.0474
637637969 24.3379
637572437 25.1199
637637973 24.5218
637572441 24.3053
637637977 24.0959
637572445 25.2512
637637981 23.7827
637572557 24.9881
637638093 24.7759
637572561 25.7309
637638097 23.991
637572565 26.1982
637638101 24.5145
637572569 24.5702
637638105 25.6253
637572573 24.7906
637638109 24.4795
637575236 26.7977
637608004 25.3738
637640772 25.3935
637575238 27.0927
637608006 23.9355
637640774 25.56
637575240 25.1624
637608008 27.0721
637640776 24.1289
637575242 26.2951
637608010 24.7554
637640778 24.7805
637575364 24.5348
637608132 24.5343
637640900 25.2136
637575366 24.6171
637608134 26.1648
637640902 24.4626
637575368 24.4865
637608136 25.2318
637640904 24.0622
637575370 22.5104
637608138 26.0731
637640906 26.1429
637575492 23.1207
637608260 23.5202
637641028 25.8618
637575494 25.4105
637608262 25.7543
637641030 26.3474
637575496 26.9583
637608264 24.6633
637641032 26.1149
637575498 23.8662
637608266 24.6119
637641034 25.5421
637575620 26.2061
637608388 25.2533
637641156 24.2544
637575622 24.8624
637608390 23.6241
637641158 23.1907
637575624 25.403
637608392 26.4933
637641160 26.0442
637575626 27.4459
637608394 25.372
637641162 25.662
637575748 25.1137
637608516 24.8311
637641284 24.2604
637575750 25.2812
637608518 25.4252
637641286 23.6137
637575752 25.6899
637608520 24.0294
637641288 23.4205
637575754 26.066
637608522 25.4543
637641290 23.6546
637575876 27.226
637608644 25.5608
637641412 24.4682
637575878 25.9275
637608646 25.7302
637641414 25.0594
637575880 24.7628
637608648 26.0541
637641416 25.0082
637575882 23.6175
637608650 25.3692
637641418 23.7729
637579332 23.8002
637612100 24.1872
637644868 23.5114
637579334 24.3327
637612102 25.1575
637644870 25.596
637579336 24.28
637612104 25.2311
637644872 26.1335
637579338 24.5823
637612106 25.999
637644874 26.6991
637579460 22.7538
637612228 22.0309
637644996 25.338
637579462 25.6774
637612230 24.5643
637644998 25.8112
637579464 26.1073
637612232 27.0791
637645000 24.9197
637579466 27.2069
637612234 25.7998
637645002 26.6257
637579588 25.282
637612356 25.5596
637645124 24.1402
637579590 26.6418
637612358 24.1999
637645126 26.152
637579592 24.1134
637612360 25.5456
637645128 25.6238
637579594 25.4897
637612362 24.9892
637645130 26.2168
637579716 24.2258
637612484 22.3034
637645252 24.7711
637579718 25.4525
637612486 26.2456
637645254 25.0831
637579720 24.431
637612488 24.8688
637645256 22.4458
637579722 24.3826
637612490 24.2714
637645258 26.6576
637579844 24.4134
637612612 25.122
637645380 24.2194
637579846 23.6288
637612614 25.162
637645382 25.1212
637579848 25.0009
637612616 25.3065
637645384 23.3688
637579850 24.8717
637612618 24.5846
637645386 24.228
637579972 23.4292
637612740 24.7997
637645508 23.0178
637579974 24.0798
637612742 23.9849
637645510 24.4505
637579976 24.6697
637612744 25.9761
637645512 24.7846
637579978 25.7746
637612746 24.9408
637645514 24.5818
637583428 26.067
637616196 25.8277
637648964 24.2876
637583430 24.6681
637616198 24.9039
637648966 26.0014
637583432 24.646
637616200 24.2408
637648968 24.7824
637583434 25.7493
637616202 25.9886
637648970 25.8068
637583556 26.3361
637616324 25.8266
637649092 24.3697
637583558 24.9047
637616326 24.0163
637649094 25.2473
637583560 23.5214
637616328 25.0398
637649096 24.8089
637583562 23.8788
637616330 25.4993
637649098 25.3557
637583684 24.6464
637616452 26.7217
637649220 25.1498
637583686 25.0909
637616454 24.393
637649222 23.9167
637583688 25.5222
637616456 25.269
637649224 25.5936
637583690 24.9291
637616458 23.3304
637649226 24.3984
637583812 25.9756
637616580 23.5692
637649348 24.7037
637583814 25.0641
637616582 25.5977
637649350 25.7744
637583816 25.3439
637616584 25.7326
637649352 25.1027
637583818 26.6934
637616586 22.9079
637649354 24.8028
637583940 24.7251
637616708 26.2657
637649476 24.5021
637583942 24.6811
637616710 24.9474
637649478 25.6256
637583944 25.938
637616712 24.7962
637649480 26.1867
637583946 23.5181
637616714 24.5994
637649482 24.0297
637584068 23.5149
637616836 24.4519
637649604 25.5563
637584070 25.7781
637616838 24.6977
637649606 24.9405
637584072 23.9822
637616840 25.8012
637649608 26.516
637584074 23.8861
637616842 23.4893
637649610 25.4252
637587524 24.2899
637620292 25.7721
637653060 26.9477
637587526 24.5871
637620294 24.5519
637653062 24.8589
637587528 25.0447
637620296 24.0637
637653064 24.8115
637587530 25.4014
637620298 25.659
637653066 26.1534
637587652 26.8474
637620420 24.6424
637653188 25.9153
637587654 24.6572
637620422 26.3189
637653190 27.2929
637587656 25.7014
637620424 24.6152
637653192 26.4709
637587658 23.9632
637620426 23.3046
637653194 25.409
637587780 24.8248
637620548 25.1481
637653316 23.3532
637587782 24.8859
637620550 24.2275
637653318 24.9847
637587784 24.9915
637620552 25.4187
637653320 25.0582
637587786 23.7357
637620554 23.5994
637653322 24.0272
637587908 26.0028
637620676 25.1661
637653444 26.2224
637587910 26.0367
637620678 25.1469
637653446 24.4996
637587912 24.6253
637620680 26.3447
637653448 23.7359
637587914 23.9576
637620682 25.5531
637653450 23.7393
637588036 25.0707
637620804 23.5134
637653572 25.0395
637588038 24.8843
637620806 25.6312
637653574 24.3361
637588040 25.7324
637620808 23.0929
637653576 26.3773
637588042 25.9316
637620810 24.1856
637653578 24.7269
637588164 25.286
637620932 24.288
637653700 25.6116
637588166 24.9551
637620934 26.5899
637653702 25.5255
637588168 24.9133
637620936 25.777
637653704 24.5544
637588170 25.8939
637620938 26.499
637653706 26.6446
637567085 27.0565
637632621 24.0187
637567089 25.5609
637632625 23.5697
637567093 23.9241
637632629 25.3917
637567097 24.7526
637632633 23.2611
637567101 24.3254
637632637 24.2454
637567213 23.9806
637632749 23.7235
637567217 23.4485
637632753 23.3528
637567221 25.3384
637632757 24.9005
637567225 24.8284
637632761 25.7719
637567229 26.3299
637632765 25.9706
637567341 24.6842
637632877 24.226
637567345 25.3911
637632881 24.7533
637567349 25.6712
637632885 24.7596
637567353 25.7407
637632889 24.7314
637567357 24.2361
637632893 24.8179
637567469 23.9501
637633005 26.5542
637567473 25.8551
637633009 25.4855
637567477 23.7299
637633013 25.3967
637567481 24.1473
637633017 23.4128
637567485 25.532
637633021 23.4532
637567597 26.7717
637633133 28.0601
637567601 25.3182
637633137 24.2357
637567605 27.4793
637633141 23.8128
637567609 25.9985
637633145 25.4294
637567613 26.6366
637633149 24.6589
637567725 25.8911
637633261 26.02
637567729 24.6014
637633265 24.5923
637567733 26.7631
637633269 25.3549
637567737 24.6029
637633273 25.4143
637567741 23.832
637633277 25.6064
637567853 24.8355
637633389 23.1204
637567857 22.9971
637633393 23.1469
637567861 24.1815
637633397 24.5339
637567865 24.7913
637633401 25.5541
637567869 26.447
637633405 26.1171
637567981 25.2957
637633517 25.5395
637567985 23.7183
637633521 23.5583
637567989 24.0276
637633525 25.7983
637567993 24.1193
637633529 24.7779
637567997 24.7509
637633533 24.4912
637568109 25.2982
637633645 25.1885
637568113 25.8425
637633649 25.7043
637568117 25.9609
637633653 24.4245
637568121 25.0213
637633657 25.9343
637568125 24.4764
637633661 24.5285
637568237 26.265
637633773 25.3457
637568241 25.2824
637633777 24.1714
637568245 25.8377
637633781 25.006
637568249 23.257
637633785 26.9663
637568253 24.9516
637633789 25.6306
637568365 25.4762
637633901 25.9089
637568369 26.3998
637633905 24.2759
637568373 25.088
637633909 25.1345
637568377 23.8347
637633913 25.674
637568381 24.8452
637633917 26.3093
637568493 24.528
637634029 22.9061
637568497 25.2006
637634033 25.2352
637568501 25.1963
637634037 25.9346
637568505 24.006
637634041 24.2116
637568509 25.1055
637634045 24.8421
637571181 25.8735
637636717 25.7575
637571185 24.4836
637636721 26.4024
637571189 25.3259
637636725 23.5211
637571193 24.5752
637636729 24.538
637571197 24.0667
637636733 26.84
637571309 25.2153
637636845 25.8752
637571313 26.1464
637636849 26.5964
637571317 27.0812
637636853 24.5755
637571321 24.471
637636857 25.178
637571325 25.4525
637636861 25.2684
637571437 24.0249
637636973 26.3157
637571441 25.5626
637636977 24.1105
637571445 25.0682
637636981 22.8042
637571449 23.7629
637636985 25.4397
637571453 25.1452
637636989 25.0488
637571565 26.5743
637637101 25.5117
637571569 25.3272
637637105 25.0349
637571573 24.7793
637637109 24.4558
637571577 23.6719
637637113 24.6087
637571581 23.0184
637637117 24.9431
637571693 25.8771
637637229 23.8699
637571697 23.9322
637637233 24.3416
637571701 25.0142
637637237 25.0966
637571705 25.6926
637637241 24.5569
637571709 25.547
637637245 26.5227
637571821 24.1295
637637357 24.6448
637571825 23.1569
637637361 26.7172
637571829 27.0806
637637365 25.2888
637571833 24.5687
637637369 25.8979
637571837 23.3242
637637373 25.9847
637571949 25.4352
637637485 25.1071
637571953 25.0271
637637489 24.5771
637571957 22.7462
637637493 25.3662
637571961 26.5746
637637497 26.6642
637571965 24.3053
637637501 24.8197
637572077 23.4357
637637613 25.8241
637572081 24.4402
637637617 26.3588
637572085 24.2563
637637621 25.3739
637572089 24.6902
637637625 26.0049
637572093 23.4887
637637629 24.5869
637572333 24.9801
637637869 24.9205
637572337 26.5024
637637873 25.0282
637572341 24.1546
637637877 25.1925
637572345 24.2588
637637881 24.5513
637572349 25.4892
637637885 23.8118
637572589 25.8346
637638125 23.7451
637572593 23.9601
637638129 23.9727
637572597 25.398
637638133 27.2388
637572601 25.7271
637638137 25.6753
637572605 25.1898
637638141 23.7
637575661 22.252
637641197 25.3964
637575665 26.1307
637641201 24.2022
637575669 25.7507
637641205 25.1216
637575673 23.8731
637641209 24.5444
637575677 26.4093
637641213 24.9054
637579757 24.6796
637645293 24.7483
637579761 25.836
637645297 25.0526
637579765 26.0061
637645301 24.6792
637579769 24.4638
637645305 24.4815
637579773 24.5942
637645309 23.908
