637566980 11.816
637599748 8.50871
637632516 8.95505
637566982 6.65557
637599750 -0.769771
637632518 -13.2309
637566984 12.8335
637599752 -2.56466
637632520 -8.85078
637566986 0.793704
637599754 2.01323
637632522 12.9442
637566989 -2.5171
637632525 19.4735
637566993 9.18806
637632529 19.9907
637566997 2.85826
637632533 -6.71138
637567001 -10.8407
637632537 -10.8007
637567005 6.00997
637632541 13.3037
637567108 16.1388
637599876 -9.80433
637632644 1.78206
637567110 -10.2932
637599878 2.06768
637632646 5.35964
637567112 2.33669
637599880 12.2413
637632648 4.83291
637567114 10.7809
637599882 13.3119
637632650 26.7563
637567117 20.3858
637632653 -8.83533
637567121 4.34584
637632657 -4.83901
637567125 10.2067
637632661 0.839301
637567129 -2.74474
637632665 3.28978
637567133 3.55558
637632669 -6.58367
637567236 1.05967
637600004 9.44997
637632772 -2.99168
637567238 9.44597
637600006 -11.3751
637632774 -13.1581
637567240 4.7815
637600008 27.2376
637632776 -6.82007
637567242 -1.86932
637600010 7.7598
637632778 -2.0972
637567245 7.38303
637632781 11.7143
637567249 13.2586
637632785 5.58101
637567253 -5.77764
637632789 -12.3606
637567257 -17.4164
637632793 2.15206
637567261 4.96663
637632797 4.12763
637567364 6.02406
637600132 -14.1337
637632900 13.7182
637567366 -20.5267
637600134 1.04312
637632902 -7.58022
637567368 5.757
637600136 3.27996
637632904 -1.25388
637567370 -1.44538
637600138 0.474571
637632906 4.27693
637567373 -15.1808
637632909 5.81855
637567377 -18.7624
637632913 9.34443
637567381 8.88044
637632917 -12.0064
637567385 -11.5045
637632921 5.5038
637567389 1.02755
637632925 8.53115
637567492 -8.93254
637600260 -16.0475
637633028 -8.99093
637567494 -21.1122
637600262 5.04804
637633030 10.0828
637567496 15.3105
637600264 7.785
637633032 15.3589
637567498 8.56031
637600266 14.3046
637633034 -15.6972
637567501 0.52297
637633037 -1.83285
637567505 10.6887
637633041 1.82301
637567509 2.04571
637633045 17.4972
637567513 6.25508
637633049 5.28655
637567517 -12.3599
637633053 -4.86126
637567620 8.58268
637600388 4.047
637633156 1.44614
637567622 7.88104
637600390 7.69571
637633158 6.60754
637567624 5.57428
637600392 9.12295
637633160 0.88513
637567626 -1.62102
637600394 -8.83071
637633162 8.12189
637567629 10.1436
637633165 2.09476
637567633 8.67499
637633169 1.90363
637567637 -13.5861
637633173 -10.6887
637567641 -1.18163
637633177 -3.14101
637567645 18.6157
637633181 11.9475
637567757 21.093
637633293 -11.9101
637567761 -13.4179
637633297 -8.68035
637567765 -6.41604
637633301 15.3629
637567769 15.1688
637633305 5.25708
637567773 11.3302
637633309 -2.53509
637567885 -1.24716
637633421 1.07462
637567889 0.256344
637633425 8.29102
637567893 3.06164
637633429 5.38954
637567897 2.8415
637633433 -14.5643
637567901 0.57422
637633437 6.87336
637568013 4.76167
637633549 18.6154
637568017 3.01252
637633553 -3.02559
637568021 -3.71135
637633557 -0.497893
637568025 -5.82646
637633561 0.918092
637568029 4.43716
637633565 -0.251723
637568141 -14.328
637633677 20.1447
637568145 17.2462
637633681 10.0062
637568149 1.56765
637633685 -1.75852
637568153 5.03798
637633689 -5.87346
637568157 6.49558
637633693 3.7316
637568269 8.01894
637633805 9.87845
637568273 19.0478
637633809 -5.2223
637568277 -15.0568
637633813 -2.8503
637568281 4.93184
637633817 -4.47296
637568285 4.57433
637633821 12.3418
637568397 -4.02433
637633933 13.3918
637568401 0.889569
637633937 -1.90934
637568405 12.7753
637633941 11.9463
637568409 15.1493
637633945 -11.3351
637568413 -9.56034
637633949 -8.70791
637571076 0.963711
637603844 -1.24622
637636612 -1.71478
637571078 2.14887
637603846 -0.529131
637636614 17.01
637571080 12.4964
637603848 16.0081
637636616 -13.3644
637571082 -15.1489
637603850 -3.20565
637636618 15.3937
637571204 -3.7646
637603972 4.88257
637636740 4.31987
637571206 -13.3018
637603974 24.5401
637636742 2.60813
637571208 9.34734
637603976 3.94355
637636744 -11.5186
637571210 7.1199
637603978 5.00888
637636746 -2.13279
637571332 18.0413
637604100 13.05
637636868 13.5063
637571334 26.6054
637604102 12.2459
637636870 -6.86601
637571336 -0.202365
637604104 8.67366
637636872 -5.33972
637571338 14.9449
637604106 13.6452
637636874 -11.1339
637571460 4.73123
637604228 -1.84617
637636996 8.25766
637571462 10.905
637604230 -2.87268
637636998 4.27783
637571464 2.43869
637604232 3.43478
637637000 -11.9577
637571466 -2.01037
637604234 17.5043
637637002 -0.96511
637571588 10.2207
637604356 11.5415
637637124 2.7996
637571590 0.822822
637604358 23.7474
637637126 -0.550684
637571592 -7.38003
637604360 -17.1455
637637128 11.0473
637571594 20.5476
637604362 -5.47412
637637130 23.1434
637571716 -1.67206
637604484 -5.41788
637637252 10.165
637571718 4.57917
637604486 -14.1957
637637254 6.92985
637571720 -14.5446
637604488 10.8193
637637256 20.3025
637571722 -4.22634
637604490 20.4239
637637258 1.97895
637575172 0.550729
637607940 -10.7232
637640708 -3.74888
637575174 -13.8616
637607942 -1.15006
637640710 18.4256
637575176 0.413403
637607944 -1.5138
637640712 -10.7106
637575178 2.80443
637607946 -1.98203
637640714 12.3885
637575300 20.5043
637608068 4.97691
637640836 -4.51275
637575302 12.453
637608070 25.1682
637640838 7.25299
637575304 14.5912
637608072 3.758
637640840 -6.09983
637575306 6.22992
637608074 23.3154
637640842 0.396008
637575428 -3.47289
637608196 3.55706
637640964 -6.39041
637575430 -2.40843
637608198 -16.7033
637640966 4.35274
637575432 5.0939
637608200 0.621355
637640968 4.05751
637575434 8.12084
637608202 -0.891349
637640970 4.38289
637575556 3.3601
637608324 14.0405
637641092 16.9587
637575558 -2.45203
637608326 6.9562
637641094 11.0193
637575560 2.12779
637608328 5.465
637641096 16.8825
637575562 20.1686
637608330 -1.24473
637641098 -15.6123
637575684 24.8903
637608452 3.13197
637641220 -1.05627
637575686 1.25793
637608454 2.85664
637641222 -6.24123
637575688 -15.9446
637608456 4.40421
637641224 -1.92399
637575690 -3.38427
637608458 4.44599
637641226 -3.8461
637575812 -11.0745
637608580 11.3785
637641348 4.19265
637575814 -3.03902
637608582 7.87169
637641350 -4.48749
637575816 -7.00399
637608584 9.12949
637641352 14.2379
637575818 4.45697
637608586 1.17888
637641354 7.81357
637579268 -13.8309
637612036 -2.69881
637644804 -11.1963
637579270 14.9364
637612038 -1.08163
637644806 20.3054
637579272 13.1253
637612040 10.5713
637644808 7.39802
637579274 -2.91196
637612042 9.39698
637644810 5.33891
637579396 -0.907867
637612164 -12.1559
637644932 -2.76439
637579398 21.2291
637612166 2.67465
637644934 5.90015
637579400 -8.16743
637612168 19.5671
637644936 -0.174588
637579402 -6.27597
637612170 12.8337
637644938 1.51766
637579524 -16.2011
637612292 23.6225
637645060 4.75204
637579526 15.4354
637612294 -0.414896
637645062 1.64056
637579528 3.89351
637612296 -12.5376
637645064 4.95136
637579530 -4.64037
637612298 6.3865
637645066 1.90973
637579652 -0.51902
637612420 -1.22987
637645188 -4.38415
637579654 20.8503
637612422 -2.39065
637645190 3.80166
637579656 -14.6991
637612424 -7.31346
637645192 -12.2266
637579658 7.03882
637612426 -7.34735
637645194 -2.25118
637579780 10.4974
637612548 -4.74678
637645316 -15.8805
637579782 0.0114178
637612550 -0.136373
637645318 18.7056
637579784 23.2001
637612552 5.03654
637645320 9.39858
637579786 22.7508
637612554 8.12264
637645322 -10.5785
637579908 14.9412
637612676 7.35546
637645444 -2.82285
637579910 -18.5821
637612678 -27.8202
637645446 4.00096
637579912 3.65692
637612680 -10.2116
637645448 -8.98533
637579914 -9.59762
637612682 -7.17646
637645450 -1.64079
637583364 -8.59608
637616132 -1.02541
637648900 -12.7541
637583366 -3.96911
637616134 5.77606
637648902 -4.09038
637583368 -17.4591
637616136 16.4146
637648904 1.87746
637583370 3.30664
637616138 -4.44908
637648906 6.48587
637583492 6.95391
637616260 3.44433
637649028 -2.35815
637583494 5.73845
637616262 4.64609
637649030 8.02992
637583496 18.8767
637616264 1.90084
637649032 0.97066
637583498 -2.66201
637616266 14.4191
637649034 -9.84266
637583620 -7.9246
637616388 -14.6524
637649156 -7.94203
637583622 22.694
637616390 26.5587
637649158 -12.7658
637583624 2.55207
637616392 4.48039
637649160 10.4186
637583626 8.54142
637616394 -16.237
637649162 3.41449
637583748 3.48777
637616516 -7.80293
637649284 -1.03472
637583750 1.21335
637616518 -16.8778
637649286 0.299324
637583752 -2.46993
637616520 -9.60934
637649288 -3.99332
637583754 7.7865
637616522 -1.59656
637649290 10.8545
637583876 5.72144
637616644 -2.24142
637649412 4.87629
637583878 -7.35984
637616646 3.1699
637649414 1.47838
637583880 -7.01195
637616648 11.1081
637649416 19.9955
637583882 4.54747
637616650 -9.5146
637649418 -0.403897
637584004 0.109485
637616772 12.2941
637649540 -0.859317
637584006 10.4971
637616774 12.0424
637649542 6.08177
637584008 -9.06902
637616776 3.65629
637649544 21.5291
637584010 -15.1136
637616778 4.7577
637649546 14.2009
637587460 5.56263
637620228 23.8166
637652996 21.1645
637587462 -8.07783
637620230 11.6463
637652998 1.99779
637587464 17.3195
637620232 5.19498
637653000 13.741
637587466 -7.48035
637620234 -1.2346
637653002 2.07156
637587588 19.2774
637620356 11.4886
637653124 -4.58851
637587590 -7.29223
637620358 -5.3252
637653126 9.96749
637587592 15.1719
637620360 5.81213
637653128 21.2842
637587594 -3.78217
637620362 4.63609
637653130 21.5976
637587716 -11.7759
637620484 -7.26582
637653252 -8.99939
637587718 -2.77964
637620486 -1.39108
637653254 8.78254
637587720 -2.54256
637620488 12.3971
637653256 18.1455
637587722 -2.98027
637620490 -3.22683
637653258 5.83873
637587844 -6.61039
637620612 -15.0948
637653380 10.5329
637587846 -0.377708
637620614 -3.21464
637653382 -2.88043
637587848 3.37355
637620616 2.46128
637653384 -1.8112
637587850 -4.68602
637620618 -21.9012
637653386 -26.6945
637587972 -9.58216
637620740 2.28968
637653508 0.494024
637587974 1.53348
637620742 8.51795
637653510 -4.65237
637587976 11.4563
637620744 9.43595
637653512 0.935729
637587978 -1.90106
637620746 3.93084
637653514 8.79766
637588100 11.2413
637620868 16.7249
637653636 -0.310414
637588102 -15.6336
637620870 2.53099
637653638 -4.73563
637588104 3.83783
637620872 -3.42686
637653640 10.318
637588106 21.8085
637620874 -2.71567
637653642 -7.56991
637569037 -8.0802
637634573 0.523958
637569041 4.19663
637634577 17.2349
637569045 0.37269
637634581 3.55692
637569049 12.9008
637634585 -9.9086
637569053 -1.97087
637634589 16.1474
637569165 -8.63851
637634701 11.4734
637569169 10.5173
637634705 9.48917
637569173 16.5315
637634709 33.6297
637569177 -1.38165
637634713 -10.001
637569181 1.15533
637634717 10.7752
637569293 17.5967
637634829 -15.2922
637569297 5.35576
637634833 0.371849
637569301 0.749066
637634837 -4.0045
637569305 4.14323
637634841 -11.6512
637569309 3.50283
637634845 4.68566
637569421 5.41079
637634957 -5.43962
637569425 6.17663
637634961 11.4476
637569429 2.20594
637634965 -8.82434
637569433 0.163444
637634969 6.27201
637569437 1.21321
637634973 -11.7655
637569549 20.0345
637635085 8.13426
637569553 2.21484
637635089 -0.254177
637569557 5.04345
637635093 20.9221
637569561 17.109
637635097 11.9898
637569565 13.1096
637635101 -5.17739
637569677 8.75623
637635213 0.804069
637569681 2.15699
637635217 12.6334
637569685 -0.0263569
637635221 -0.688241
637569689 10.033
637635225 16.0557
637569693 -4.58838
637635229 -4.15191
637569805 -10.1345
637635341 3.29743
637569809 -6.42927
637635345 23.0897
637569813 11.4494
637635349 8.58792
637569817 -7.44244
637635353 4.25104
637569821 8.76393
637635357 -14.1431
637569933 4.75854
637635469 12.4106
637569937 22.3363
637635473 4.47035
637569941 20.9062
637635477 1.63188
637569945 -12.7248
637635481 -3.36961
637569949 8.47325
637635485 3.98795
637570061 2.71193
637635597 -8.73794
637570065 3.61752
637635601 2.85219
637570069 7.18203
637635605 -13.295
637570073 -4.44401
637635609 5.11726
637570077 -10.9373
637635613 -3.59863
637570189 8.96683
637635725 6.51588
637570193 9.03991
637635729 -5.68621
637570197 6.60462
637635733 5.4539
637570201 8.63968
637635737 -4.13825
637570205 14.4186
637635741 8.75246
637570317 15.7945
637635853 10.9217
637570321 3.58644
637635857 3.57965
637570325 2.8232
637635861 6.97764
637570329 0.0777596
637635865 -8.81678
637570333 13.6042
637635869 15.4181
637570445 -1.2399
637635981 7.79327
637570449 -3.7278
637635985 -16.3309
637570453 1.8025
637635989 33.9371
637570457 3.22734
637635993 20.4478
637570461 -1.85666
637635997 12.7261
637567012 -1.97012
637599780 -12.666
637632548 -3.17326
637567014 1.8209
637599782 1.57667
637632550 -1.12391
637567016 4.7353
637599784 6.1307
637632552 16.2923
637567018 8.54553
637599786 5.52229
637632554 -15.4424
637567021 -1.44782
637632557 -15.8398
637567025 -22.4587
637599793 19.1197
637632561 -7.68967
637567029 -7.03038
637599797 -3.39815
637632565 -0.173704
637567033 4.66333
637599801 5.09896
637632569 12.4117
637567037 -2.4394
637632573 -5.03057
637567140 12.2004
637599908 -8.66989
637632676 18.0189
637567142 9.02471
637599910 -3.65101
637632678 11.0592
637567144 18.8986
637599912 -9.0964
637632680 12.9278
637567146 -6.31218
637599914 -21.0393
637632682 -7.80352
637567149 11.371
637632685 1.88713
637567153 3.60891
637599921 -0.149501
637632689 2.9657
637567157 9.53165
637599925 -2.63806
637632693 2.34802
637567161 -3.42185
637599929 -4.28563
637632697 15.7116
637567165 -2.95301
637632701 -1.56918
637567268 10.8522
637600036 7.69657
637632804 18.6248
637567270 -6.47595
637600038 26.6648
637632806 1.16394
637567272 7.81149
637600040 -14.6792
637632808 1.04798
637567274 -0.698597
637600042 5.53998
637632810 -9.01479
637567277 4.98206
637632813 -4.84225
637567281 13.3987
637600049 -4.70674
637632817 18.1364
637567285 -6.98036
637600053 3.04853
637632821 13.3573
637567289 0.130763
637600057 17.1388
637632825 -6.36594
637567293 -3.44603
637632829 -7.78412
637567396 -3.13883
637600164 -9.63316
637632932 0.827639
637567398 -4.72903
637600166 2.19816
637632934 21.0088
637567400 3.70261
637600168 -13.6735
637632936 7.61224
637567402 -0.216119
637600170 6.61516
637632938 1.46035
637567405 -0.361756
637632941 15.7834
637567409 -14.5948
637600177 11.4762
637632945 -10.9676
637567413 -4.78323
637600181 17.5504
637632949 8.34817
637567417 -1.0638
637600185 14.4868
637632953 -17.4895
637567421 -15.9885
637632957 10.1214
637567524 2.08135
637600292 5.84534
637633060 1.27349
637567526 30.3231
637600294 0.273941
637633062 30.4618
637567528 -0.502667
637600296 -20.2286
637633064 -6.44648
637567530 25.677
637600298 -18.2831
637633066 -5.31793
637567533 -6.26737
637633069 -2.60668
637567537 7.49934
637600305 1.38319
637633073 4.49816
637567541 -2.40363
637600309 -10.5217
637633077 9.71311
637567545 10.5731
637600313 0.173635
637633081 -1.54606
637567549 2.04501
637633085 2.85685
637567652 5.14194
637600420 -1.46725
637633188 20.1732
637567654 13.8894
637600422 2.76947
637633190 15.9349
637567656 -0.880484
637600424 9.28524
637633192 -1.49462
637567658 8.4508
637600426 6.15758
637633194 -0.187598
637567661 -1.09507
637633197 -3.93189
637567665 14.6438
637600433 2.34236
637633201 8.51527
637567669 -6.02783
637600437 4.79322
637633205 -0.985216
637567673 6.80299
637600441 -18.0315
637633209 -2.13846
637567677 2.4252
637633213 23.6096
637567789 6.1383
637633325 18.2742
637567793 -5.69889
637600561 4.3517
637633329 -8.63356
637567797 1.12789
637600565 -17.0251
637633333 5.20215
637567801 1.5979
637600569 14.0565
637633337 7.46636
637567805 -8.11824
637633341 6.39999
637567917 7.85973
637633453 21.4709
637567921 8.35329
637600689 -2.60827
637633457 5.42654
637567925 -10.1289
637600693 -2.25075
637633461 5.76234
637567929 1.89268
637600697 7.87553
637633465 19.2762
637567933 8.07998
637633469 -3.67255
637568045 7.27311
637633581 -4.97124
637568049 0.572831
637600817 -19.5762
637633585 -3.00167
637568053 -1.22541
637600821 2.131
637633589 0.658542
637568057 17.1581
637600825 2.43608
637633593 9.10738
637568061 -6.02049
637633597 26.5371
637568173 13.3052
637633709 2.10884
637568177 7.40301
637600945 12.0796
637633713 6.56549
637568181 13.9179
637600949 8.00475
637633717 -10.8668
637568185 -5.72503
637600953 11.4149
637633721 17.4869
637568189 -6.94594
637633725 9.48306
637568301 4.93782
637633837 -6.75138
637568305 8.73029
637601073 15.2817
637633841 10.139
637568309 6.74283
637601077 -3.97867
637633845 -4.39524
637568313 -1.20819
637601081 -2.33896
637633849 -3.00289
637568317 1.59211
637633853 2.4895
637568429 -3.68509
637633965 10.4938
637568433 22.273
637601201 -1.35573
637633969 -1.29509
637568437 -5.02302
637601205 18.7202
637633973 -4.95294
637568441 3.02863
637601209 1.64185
637633977 12.7199
637568445 -2.51386
637633981 -6.89627
637571108 7.15699
637603876 1.20129
637636644 1.61581
637571110 6.95947
637603878 -19.5657
637636646 7.61451
637571112 -7.59084
637603880 8.69986
637636648 -1.09473
637571114 -10.4656
637603882 -5.11769
637636650 4.92418
637571236 11.5712
637604004 -6.551
637636772 3.1216
637571238 17.4814
637604006 12.2649
637636774 1.80272
637571240 -1.1631
637604008 -13.0581
637636776 10.2044
637571242 6.30808
637604010 -9.7829
637636778 24.0085
637571364 -2.49651
637604132 6.81764
637636900 0.971715
637571366 -2.04965
637604134 -3.73809
637636902 -4.67819
637571368 7.015
637604136 20.7297
637636904 0.0720413
637571370 -1.48814
637604138 1.62343
637636906 19.1922
637571492 8.08056
637604260 7.03333
637637028 11.4239
637571494 -10.8661
637604262 0.887855
637637030 -2.39466
637571496 7.28749
637604264 -0.464715
637637032 3.96682
637571498 12.4621
637604266 13.5996
637637034 -5.42382
637571620 0.707181
637604388 -7.47285
637637156 -3.91539
637571622 3.89187
637604390 -0.627901
637637158 -9.55157
637571624 3.82951
637604392 -11.4386
637637160 3.09121
637571626 -6.9533
637604394 2.88988
637637162 14.3023
637571748 -10.743
637604516 8.92828
637637284 6.48434
637571750 -6.79005
637604518 -12.5361
637637286 10.9158
637571752 16.4033
637604520 9.35856
637637288 -0.731094
637571754 -8.90868
637604522 6.83069
637637290 25.6661
637575204 5.50821
637607972 0.851219
637640740 2.50827
637575206 -6.25925
637607974 1.30152
637640742 4.96322
637575208 -5.55063
637607976 -7.83324
637640744 -3.26791
637575210 -15.1922
637607978 -7.81639
637640746 -4.81399
637575332 -13.3426
637608100 3.09464
637640868 -1.66561
637575334 4.83147
637608102 -3.22837
637640870 -8.65434
637575336 0.280169
637608104 10.1743
637640872 2.42456
637575338 12.4883
637608106 1.65004
637640874 -9.93439
637575460 -19.2262
637608228 -9.12744
637640996 -7.13877
637575462 -5.05803
637608230 7.89646
637640998 -10.8331
637575464 -13.3946
637608232 5.94613
637641000 13.68
637575466 5.09968
637608234 13.5167
637641002 11.5998
637575588 16.7087
637608356 -5.04371
637641124 0.638648
637575590 10.0726
637608358 11.569
637641126 -6.8289
637575592 17.4578
637608360 -0.0693758
637641128 0.630241
637575594 -16.2385
637608362 9.24781
637641130 19.4265
637575716 2.59916
637608484 -11.2629
637641252 -21.9006
637575718 -7.73685
637608486 -2.3394
637641254 -7.4926
637575720 4.23763
637608488 -2.76639
637641256 -2.1088
637575722 6.17046
637608490 2.60608
637641258 3.50926
637575844 6.14587
637608612 14.3969
637641380 -7.58274
637575846 -5.92328
637608614 14.4724
637641382 0.100573
637575848 14.9781
637608616 -15.3303
637641384 -4.91824
637575850 6.56938
637608618 10.4409
637641386 -1.90247
637579300 29.6622
637612068 -3.73862
637644836 0.768332
637579302 0.425396
637612070 -13.4848
637644838 -3.74674
637579304 5.56321
637612072 -9.45412
637644840 -8.79042
637579306 -8.07086
637612074 -3.7849
637644842 6.39527
637579428 27.872
637612196 9.7865
637644964 0.0926803
637579430 -1.64116
637612198 0.196934
637644966 2.88853
637579432 -15.7058
637612200 -1.83793
637644968 16.5199
637579434 2.46
637612202 -18.1163
637644970 0.635614
637579556 18.9788
637612324 6.032
637645092 -4.42146
637579558 -0.246849
637612326 11.4399
637645094 8.77996
637579560 -0.777504
637612328 -3.57182
637645096 15.4794
637579562 17.493
637612330 0.800602
637645098 22.6631
637579684 14.6591
637612452 7.05517
637645220 -24.0735
637579686 9.49681
637612454 -10.0379
637645222 24.3785
637579688 -8.25283
637612456 9.74389
637645224 38.6894
637579690 12.0876
637612458 0.83841
637645226 2.75256
637579812 3.87179
637612580 7.89944
637645348 0.41154
637579814 -1.84982
637612582 0.447669
637645350 -3.40977
637579816 0.375126
637612584 16.1524
637645352 0.149348
637579818 8.73185
637612586 2.34283
637645354 -5.16363
637579940 -12.804
637612708 2.94758
637645476 -11.5915
637579942 4.64572
637612710 9.33353
637645478 10.083
637579944 -0.139076
637612712 -8.00406
637645480 11.1286
637579946 -24.2209
637612714 3.62888
637645482 17.0515
637583396 2.06242
637616164 -15.0129
637648932 -2.97047
637583398 -5.91725
637616166 -5.83685
637648934 7.63626
637583400 -3.86739
637616168 0.488646
637648936 8.33865
637583402 6.4347
637616170 -11.0282
637648938 16.3803
637583524 -2.34152
637616292 -1.41209
637649060 -13.1355
637583526 -8.03648
637616294 5.83547
637649062 3.3512
637583528 -18.9862
637616296 -6.24853
637649064 4.61796
637583530 1.38486
637616298 2.98291
637649066 -0.617483
637583652 6.32784
637616420 1.38249
637649188 16.6049
637583654 -1.35515
637616422 -4.01693
637649190 3.3651
637583656 10.0699
637616424 -6.75244
637649192 21.0958
637583658 -5.66208
637616426 8.44242
637649194 19.5464
637583780 -14.7445
637616548 -4.79858
637649316 5.72207
637583782 14.4877
637616550 2.07997
637649318 13.3964
637583784 -6.72241
637616552 -13.0237
637649320 -6.36426
637583786 27.5632
637616554 4.98342
637649322 5.56027
637583908 3.81887
637616676 -0.441866
637649444 11.155
637583910 1.67745
637616678 7.51057
637649446 10.0514
637583912 -0.463752
637616680 6.57398
637649448 3.63924
637583914 9.20911
637616682 13.7283
637649450 -8.70988
637584036 -9.03933
637616804 -1.64637
637649572 -2.65483
637584038 6.17917
637616806 1.05943
637649574 -4.17375
637584040 -1.25051
637616808 3.99124
637649576 0.59747
637584042 12.0832
637616810 25.1165
637649578 4.88547
637587492 15.0468
637620260 9.95756
637653028 4.76966
637587494 -9.50223
637620262 1.0351
637653030 10.3145
637587496 15.7799
637620264 0.819196
637653032 -9.56591
637587498 -3.60096
637620266 3.9277
637653034 -9.27933
637587620 5.8492
637620388 13.0313
637653156 13.7787
637587622 13.7093
637620390 4.99828
637653158 7.23565
637587624 -2.95056
637620392 -10.908
637653160 7.26544
637587626 5.78412
637620394 0.962353
637653162 -7.09114
637587748 10.9912
637620516 8.10269
637653284 11.9845
637587750 2.96709
637620518 -1.98346
637653286 0.351272
637587752 4.84863
637620520 11.6957
637653288 -1.31594
637587754 7.99427
637620522 6.85463
637653290 4.53027e-05
637587876 -3.03302
637620644 -9.81856
637653412 9.52675
637587878 11.1335
637620646 26.5434
637653414 9.24664
637587880 -12.4125
637620648 6.95086
637653416 -13.3141
637587882 0.597906
637620650 -4.79356
637653418 -1.66077
637588004 8.06647
637620772 -0.660554
637653540 7.49623
637588006 3.39198
637620774 16.7496
637653542 -5.81632
637588008 17.8678
637620776 17.2126
637653544 -4.20466
637588010 -1.61908
637620778 -10.4186
637653546 -0.526283
637588132 -19.5632
637620900 12.6493
637653668 2.09091
637588134 -5.87411
637620902 4.7813
637653670 -4.98185
637588136 -1.50658
637620904 18.1111
637653672 10.5674
637588138 7.06257
637620906 -9.12578
637653674 1.86388
637569069 -5.81019
637601837 7.52664
637634605 -11.6551
637569073 1.22816
637634609 0.559354
637569077 15.7746
637634613 4.49686
637569081 4.63362
637634617 17.2884
637569085 -3.869
637601853 5.15979
637634621 9.64556
637569197 -10.4098
637601965 -11.9343
637634733 -11.1176
637569201 -6.25798
637634737 19.1749
637569205 -5.08058
637634741 5.98256
637569209 4.89647
637634745 -13.7246
637569213 7.36851
637601981 2.03346
637634749 1.64036
637569325 4.50042
637602093 -6.69329
637634861 -9.52619
637569329 9.45309
637634865 4.17587
637569333 -0.0775978
637634869 4.4488
637569337 6.41198
637634873 -8.37834
637569341 -9.40597
637602109 0.0146502
637634877 -15.1072
637569453 8.94212
637602221 -19.6633
637634989 -9.07169
637569457 -8.63612
637634993 -11.7897
637569461 -10.2631
637634997 -14.5341
637569465 6.43316
637635001 5.06874
637569469 -1.14482
637602237 -2.99782
637635005 21.2083
637569581 -17.5705
637602349 9.20035
637635117 -2.63304
637569585 7.17781
637635121 3.24342
637569589 -2.24263
637635125 19.2169
637569593 -9.36934
637635129 16.2522
637569597 1.62795
637602365 -18.8571
637635133 -13.9246
637569709 -7.00224
637602477 -18.4289
637635245 -2.84878
637569713 2.44588
637635249 -11.4387
637569717 2.05213
637635253 18.7753
637569721 -19.2944
637635257 -4.11038
637569725 18.0026
637602493 22.2474
637635261 1.63949
637569837 4.85116
637602605 1.42197
637635373 15.1719
637569841 7.73732
637635377 -1.18468
637569845 9.65664
637635381 0.408403
637569849 -4.36111
637635385 -5.85854
637569853 -0.633561
637602621 16.7746
637635389 26.46
637569965 4.86864
637602733 7.57793
637635501 7.68084
637569969 8.64112
637635505 5.87709
637569973 -2.44889
637635509 -16.8875
637569977 -0.321857
637635513 -5.42716
637569981 5.5109
637602749 -9.31738
637635517 25.033
637570093 16.639
637602861 -1.38122
637635629 -7.09232
637570097 0.200294
637635633 -10.3325
637570101 5.7854
637635637 6.84935
637570105 -2.5502
637635641 -23.6387
637570109 -0.757894
637602877 10.0394
637635645 6.07743
637570221 -8.2771
637602989 9.95539
637635757 8.21517
637570225 10.8327
637635761 12.2079
637570229 -3.20439
637635765 4.39507
637570233 16.2099
637635769 2.10353
637570237 -8.79833
637603005 6.65793
637635773 4.33941
637570349 -0.252632
637603117 4.02871
637635885 5.37943
637570353 18.622
637635889 8.74075
637570357 4.60715
637635893 -0.146006
637570361 4.91905
637635897 1.28936
637570365 -0.807952
637603133 6.45949
637635901 -19.763
637570477 -1.61038
637603245 -4.45246
637636013 -7.51264
637570481 -2.86158
637636017 -26.5254
637570485 18.0292
637636021 -16.2409
637570489 10.7275
637636025 -12.0182
637570493 -8.60615
637603261 19.3186
637636029 -7.54282
637567044 2.85105
637599812 13.0203
637632580 -20.8604
637567046 9.7396
637599814 -19.1382
637632582 -10.5511
637567048 -6.40359
637599816 8.15382
637632584 -10.4329
637567050 2.66764
637599818 10.2036
637632586 1.21398
637567053 7.89744
637632589 -6.70565
637567057 3.456
637632593 2.30151
637567061 11.1171
637632597 -1.6286
637567065 -11.4247
637632601 -7.19934
637567069 0.508106
637632605 -11.921
637567172 9.94913
637599940 -4.51324
637632708 -12.4625
637567174 -11.6032
637599942 -7.38382
637632710 -12.8284
637567176 3.34297
637599944 14.3991
637632712 -6.47067
637567178 -8.95702
637599946 15.3204
637632714 3.60425
637567181 19.5946
637632717 2.12646
637567185 13.537
637632721 6.74555
637567189 7.56502
637632725 10.0557
637567193 9.71981
637632729 14.8477
637567197 3.73067
637632733 11.3624
637567300 8.71943
637600068 -2.38487
637632836 5.87513
637567302 -2.56754
637600070 13.9226
637632838 12.0827
637567304 3.59404
637600072 -25.0666
637632840 8.23398
637567306 15.6177
637600074 -8.35884
637632842 -0.951028
637567309 -6.03281
637632845 -5.34208
637567313 16.6005
637632849 14.7244
637567317 -10.8997
637632853 -6.18051
637567321 -3.07277
637632857 10.0011
637567325 22.5618
637632861 3.17569
637567428 18.2607
637600196 4.85029
637632964 17.5146
637567430 2.6515
637600198 -1.82699
637632966 3.74351
637567432 -5.15299
637600200 -1.22418
637632968 2.89621
637567434 -10.6723
637600202 12.5015
637632970 -6.25752
637567437 -6.62417
637632973 17.84
637567441 -3.36207
637632977 15.41
637567445 6.88099
637632981 -1.29562
637567449 10.4991
637632985 5.28432
637567453 -0.588955
637632989 23.9859
637567556 10.221
637600324 10.2187
637633092 4.61757
637567558 -4.24702
637600326 12.1938
637633094 -28.0043
637567560 -19.5208
637600328 0.989584
637633096 7.21132
637567562 1.67524
637600330 11.0957
637633098 26.4289
637567565 6.26614
637633101 -2.51169
637567569 15.5557
637633105 22.5202
637567573 10.2937
637633109 13.9834
637567577 5.54101
637633113 -6.09529
637567581 -17.8423
637633117 -3.34704
637567684 14.6822
637600452 13.994
637633220 9.07485
637567686 6.50636
637600454 -13.2596
637633222 -2.52682
637567688 -6.63471
637600456 3.83551
637633224 2.82414
637567690 6.07845
637600458 15.8706
637633226 14.0857
637567693 3.00476
637633229 9.49595
637567697 4.38479
637633233 9.25793
637567701 6.55743
637633237 5.78032
637567705 -1.54269
637633241 -0.746235
637567709 -0.269789
637633245 2.00292
637567821 10.8656
637633357 -2.47469
637567825 -4.84199
637633361 6.7537
637567829 5.25078
637633365 -5.00353
637567833 15.94
637633369 -0.265527
637567837 8.23633
637633373 22.3982
637567949 5.02222
637633485 9.77137
637567953 -20.8633
637633489 6.74922
637567957 8.78644
637633493 6.71844
637567961 -1.31851
637633497 5.13792
637567965 22.4279
637633501 -8.35107
637568077 -4.7745
637633613 2.48623
637568081 -6.39406
637633617 -1.50946
637568085 17.2532
637633621 3.81702
637568089 18.1723
637633625 10.5384
637568093 -12.5009
637633629 5.85453
637568205 -6.07922
637633741 4.19491
637568209 3.72988
637633745 2.50512
637568213 13.7971
637633749 -7.26437
637568217 5.22859
637633753 7.84043
637568221 4.50228
637633757 -0.103282
637568333 4.67168
637633869 16.0085
637568337 -1.37352
637633873 -6.37792
637568341 -11.9838
637633877 27.3477
637568345 7.27209
637633881 11.6737
637568349 2.77764
637633885 0.0990811
637568461 10.83
637633997 12.4746
637568465 3.4304
637634001 8.58079
637568469 4.17374
637634005 15.2587
637568473 5.56669
637634009 -0.146861
637568477 2.90277
637634013 -9.80258
637571140 8.50349
637603908 -2.55539
637636676 -7.32422
637571142 0.790911
637603910 0.277927
637636678 14.5258
637571144 3.02378
637603912 -12.0572
637636680 2.97546
637571146 -1.49401
637603914 -6.29499
637636682 3.07298
637571149 -2.28212
637636685 -13.6387
637571153 10.1511
637636689 4.40817
637571157 3.98647
637636693 -2.63475
637571161 -2.86535
637636697 0.635959
637571165 3.16778
637636701 -0.312208
637571268 7.41276
637604036 13.0172
637636804 13.3416
637571270 12.0127
637604038 18.241
637636806 16.2754
637571272 -2.88202
637604040 -6.11177
637636808 -5.73536
637571274 15.6752
637604042 -4.0828
637636810 -7.07247
637571277 -8.04999
637636813 3.43496
637571281 1.09484
637636817 -1.23662
637571285 5.3927
637636821 -4.83184
637571289 0.853528
637636825 -1.41839
637571293 20.1301
637636829 6.19372
637571396 -0.0311401
637604164 6.53237
637636932 11.7002
637571398 11.3867
637604166 4.84282
637636934 -2.0182
637571400 18.905
637604168 7.35326
637636936 7.65867
637571402 -1.18986
637604170 21.6152
637636938 -2.50712
637571405 7.38607
637636941 1.2203
637571409 5.56822
637636945 -2.30233
637571413 -7.94799
637636949 -7.07853
637571417 6.78988
637636953 15.4023
637571421 2.11764
637636957 6.97561
637571524 -20.255
637604292 0.26027
637637060 4.08129
637571526 5.41672
637604294 -7.42852
637637062 6.12736
637571528 -13.8748
637604296 3.72006
637637064 2.29163
637571530 -3.94982
637604298 -6.39845
637637066 0.651555
637571533 9.2644
637637069 -7.609
637571537 18.4187
637637073 10.565
637571541 -3.49449
637637077 -14.6197
637571545 -8.6406
637637081 24.7871
637571549 10.1851
637637085 -7.41251
637571652 -6.22959
637604420 17.6757
637637188 -0.627809
637571654 -14.1927
637604422 8.84089
637637190 -1.98148
637571656 15.9422
637604424 19.9999
637637192 9.87127
637571658 6.28518
637604426 -1.1419
637637194 18.9023
637571661 2.72543
637637197 -12.4013
637571665 -1.21702
637637201 3.85784
637571669 -0.38959
637637205 23.0605
637571673 7.25736
637637209 -6.00365
637571677 14.28
637637213 -11.7878
637571780 18.2838
637604548 11.6221
637637316 -21.9799
637571782 -22.8174
637604550 0.0407861
637637318 -7.30739
637571784 6.41683
637604552 20.7438
637637320 -10.41
637571786 6.46117
637604554 9.4613
637637322 3.34745
637571789 -3.17832
637637325 1.50064
637571793 9.66731
637637329 14.9961
637571797 -5.79912
637637333 -3.23115
637571801 -2.81341
637637337 13.7327
637571805 -8.75315
637637341 7.17017
637571917 7.52142
637637453 2.46283
637571921 8.77325
637637457 6.26851
637571925 5.91869
637637461 -11.6275
637571929 5.70033
637637465 -12.179
637571933 16.7061
637637469 3.34897
637572045 7.16707
637637581 -1.35351
637572049 -12.6046
637637585 4.4542
637572053 17.7501
637637589 -3.97745
637572057 4.10059
637637593 16.3692
637572061 14.1364
637637597 -16.259
637572173 15.8694
637637709 1.8217
637572177 4.19163
637637713 1.3243
637572181 -6.72302
637637717 -7.62828
637572185 -18.5223
637637721 -1.18268
637572189 1.07456
637637725 3.9952
637572301 9.52824
637637837 9.50461
637572305 -4.49653
637637841 20.8134
637572309 -7.64535
637637845 4.91083
637572313 0.363096
637637849 3.2041
637572317 -12.5354
637637853 9.72794
637572429 4.94897
637637965 19.7012
637572433 12.8803
637637969 13.5263
637572437 -2.67634
637637973 6.70702
637572441 -10.3664
637637977 6.49984
637572445 15.8699
637637981 -12.9591
637572557 1.66535
637638093 -1.10273
637572561 10.8592
637638097 -2.666
637572565 -22.0426
637638101 -10.9792
637572569 -16.9965
637638105 -0.630213
637572573 -0.363179
637638109 6.09721
637575236 12.5379
637608004 16.0539
637640772 0.948213
637575238 -13.7236
637608006 -8.85129
637640774 11.761
637575240 13.5492
637608008 15.1304
637640776 18.2349
637575242 -17.0567
637608010 5.90566
637640778 6.66819
637575364 -7.95743
637608132 1.67639
637640900 7.61127
637575366 -2.41096
637608134 11.6353
637640902 13.8714
637575368 -11.8442
637608136 3.66479
637640904 0.892013
637575370 3.36227
637608138 -8.63609
637640906 14.7376
637575492 -0.729481
637608260 -1.24831
637641028 8.54274
637575494 7.83943
637608262 -9.10206
637641030 -4.64755
637575496 17.0951
637608264 -21.7571
637641032 -3.55855
637575498 6.74588
637608266 13.2929
637641034 -7.52451
637575620 -2.22032
637608388 -6.25631
637641156 -1.66416
637575622 -5.00706
637608390 14.5097
637641158 3.47374
637575624 -11.2183
637608392 0.384825
637641160 6.8865
637575626 16.2209
637608394 11.8372
637641162 8.04009
637575748 14.5537
637608516 6.24615
637641284 8.26437
637575750 -23.4755
637608518 25.9959
637641286 -5.62513
637575752 -3.87139
637608520 -2.12481
637641288 9.03136
637575754 25.7423
637608522 -20.4365
637641290 3.28363
637575876 1.00086
637608644 8.48206
637641412 13.6939
637575878 5.64114
637608646 -10.9595
637641414 5.25345
637575880 13.8281
637608648 12.0918
637641416 11.4592
637575882 -8.55927
637608650 -14.0821
637641418 -8.50614
637579332 -0.398525
637612100 10.9901
637644868 5.66338
637579334 -23.4834
637612102 10.9986
637644870 -9.29778
637579336 10.4189
637612104 -10.4886
637644872 -10.418
637579338 13.1303
637612106 -18.4768
637644874 -11.9213
637579460 -6.47427
637612228 6.16118
637644996 8.82401
637579462 -7.21875
637612230 11.6283
637644998 -12.6705
637579464 9.59598
637612232 -9.86632
637645000 7.97319
637579466 17.2696
637612234 3.93751
637645002 8.69818
637579588 -4.58731
637612356 1.22282
637645124 17.6547
637579590 5.63684
637612358 0.774085
637645126 11.7346
637579592 13.4046
637612360 5.13324
637645128 12.5266
637579594 -3.76769
637612362 9.11324
637645130 -10.6063
637579716 -5.19035
637612484 17.5591
637645252 -19.4029
637579718 -0.198814
637612486 3.8734
637645254 6.24701
637579720 -1.57637
637612488 8.54698
637645256 10.1281
637579722 10.6573
637612490 13.1518
637645258 4.05252
637579844 3.17707
637612612 19.4407
637645380 2.69991
637579846 12.0671
637612614 10.1421
637645382 -4.2451
637579848 -3.06111
637612616 1.69995
637645384 7.65933
637579850 -2.42518
637612618 -5.56673
637645386 17.0951
637579972 -3.96857
637612740 10.9184
637645508 -16.1162
637579974 0.486067
637612742 17.9894
637645510 13.0317
637579976 -26.7418
637612744 1.99852
637645512 -18.1784
637579978 10.8656
637612746 -10.6353
637645514 17.1934
637583428 -7.58725
637616196 7.58317
637648964 -4.1493
637583430 2.66192
637616198 -3.53868
637648966 -6.90069
637583432 -2.42185
637616200 0.423662
637648968 -10.1494
637583434 11.8157
637616202 -5.90862
637648970 6.58709
637583556 -4.39185
637616324 10.9993
637649092 -6.29092
637583558 18.4103
637616326 -12.745
637649094 -4.67492
637583560 0.177796
637616328 -0.642445
637649096 2.03154
637583562 1.75626
637616330 1.45915
637649098 9.91732
637583684 0.776374
637616452 -6.44245
637649220 -11.3869
637583686 5.09925
637616454 3.69796
637649222 -2.3031
637583688 17.2068
637616456 -7.61439
637649224 -3.87974
637583690 0.0513155
637616458 -0.697146
637649226 13.5695
637583812 5.43066
637616580 5.68327
637649348 -4.69935
637583814 3.47832
637616582 12.9191
637649350 -7.14226
637583816 17.4215
637616584 17.4823
637649352 9.34025
637583818 16.7168
637616586 7.09314
637649354 10.4899
637583940 20.3667
637616708 10.0597
637649476 -0.0602836
637583942 8.03714
637616710 -8.56807
637649478 -3.05215
637583944 2.37373
637616712 -1.45843
637649480 1.71082
637583946 6.03413
637616714 -11.8137
637649482 3.04915
637584068 1.68155
637616836 5.51555
637649604 17.8206
637584070 1.55125
637616838 -4.7211
637649606 11.1438
637584072 1.0076
637616840 -11.8179
637649608 -7.26872
637584074 -7.24847
637616842 4.1285
637649610 -8.84232
637587524 -4.58328
637620292 7.21307
637653060 17.0314
637587526 10.6634
637620294 1.8792
637653062 -12.42
637587528 1.7225
637620296 15.7269
637653064 2.5323
637587530 -9.56309
637620298 -19.2499
637653066 -17.3966
637587652 7.29325
637620420 0.402177
637653188 9.21474
637587654 17.3562
637620422 13.3895
637653190 2.82649
637587656 -10.2429
637620424 -3.88988
637653192 -3.19991
637587658 7.78398
637620426 -8.94624
637653194 -1.14931
637587780 1.87342
637620548 -3.72013
637653316 -2.79419
637587782 -7.76096
637620550 -7.27296
637653318 23.4624
637587784 -4.85081
637620552 0.169027
637653320 14.123
637587786 -10.6113
637620554 6.40864
637653322 8.29517
637587908 -1.37783
637620676 3.09073
637653444 7.86201
637587910 20.8911
637620678 7.90448
637653446 1.41634
637587912 15.986
637620680 10.6018
637653448 0.917209
637587914 12.3948
637620682 10.7989
637653450 0.818827
637588036 -15.7521
637620804 1.37195
637653572 -6.37723
637588038 21.7913
637620806 -3.33526
637653574 14.6661
637588040 10.8675
637620808 11.6149
637653576 -4.2896
637588042 -0.96174
637620810 10.2929
637653578 2.71251
637588164 15.9011
637620932 -8.07488
637653700 4.08209
637588166 -9.72573
637620934 1.93828
637653702 -12.7998
637588168 7.56995
637620936 2.28165
637653704 12.5428
637588170 -0.777336
637620938 2.82456
637653706 -2.1666
637567085 -13.3004
637632621 12.7807
637567089 -5.71611
637632625 -4.52133
637567093 1.49976
637632629 -5.24822
637567097 -0.997021
637632633 9.59234
637567101 1.326
637632637 -5.86788
637567213 -2.08213
637632749 3.4027
637567217 -17.211
637632753 6.70946
637567221 17.2705
637632757 16.7683
637567225 6.96411
637632761 -0.0605714
637567229 18.8159
637632765 11.1358
637567341 -2.42909
637632877 21.088
637567345 6.88216
637632881 -2.33597
637567349 -11.1825
637632885 -3.57473
637567353 6.89226
637632889 24.4748
637567357 -36.8561
637632893 22.9053
637567469 12.0145
637633005 -3.63373
637567473 -5.21414
637633009 -0.18416
637567477 22.6095
637633013 13.7102
637567481 9.94869
637633017 2.58222
637567485 -9.09079
637633021 24.3528
637567597 -10.6239
637633133 -3.58747
637567601 3.33396
637633137 1.53003
637567605 -9.45566
637633141 -0.459985
637567609 -13.4044
637633145 15.0557
637567613 -1.19878
637633149 -3.48624
637567725 5.02566
637633261 1.45129
637567729 -15.8133
637633265 -17.3066
637567733 0.644233
637633269 -9.26527
637567737 -4.56827
637633273 -1.81961
637567741 -3.81113
637633277 -19.2076
637567853 -15.8722
637633389 -12.4112
637567857 -4.37303
637633393 -14.524
637567861 19.9407
637633397 28.9369
637567865 3.96484
637633401 -11.0263
637567869 -10.6031
637633405 15.0451
637567981 -1.60487
637633517 3.69661
637567985 16.8748
637633521 -3.36284
637567989 7.98609
637633525 -18.2028
637567993 13.5014
637633529 17.7614
637567997 -1.35151
637633533 10.8631
637568109 13.8705
637633645 -17.67
637568113 11.8212
637633649 11.6465
637568117 -1.53674
637633653 10.0769
637568121 9.14666
637633657 11.1872
637568125 6.85855
637633661 -11.751
637568237 12.6274
637633773 -6.31871
637568241 -9.82387
637633777 -1.21606
637568245 -0.676329
637633781 -1.231
637568249 21.2676
637633785 -9.20545
637568253 -13.8749
637633789 -1.34662
637568365 -3.55092
637633901 5.20183
637568369 -23.3843
637633905 -7.57696
637568373 4.81718
637633909 11.7333
637568377 -5.30493
637633913 -11.9572
637568381 14.48
637633917 7.9201
637568493 -11.1234
637634029 4.40427
637568497 -8.25036
637634033 -7.43079
637568501 15.0801
637634037 -2.74893
637568505 -20.5497
637634041 10.9866
637568509 18.1911
637634045 8.90192
637571181 -19.3618
637636717 0.402503
637571185 -20.3204
637636721 21.6136
637571189 3.18021
637636725 -11.7458
637571193 -6.08219
637636729 -7.68343
637571197 -0.516626
637636733 -18.4091
637571309 -6.72639
637636845 0.857326
637571313 -20.6
637636849 -6.58534
637571317 18.125
637636853 1.61322
637571321 -3.84597
637636857 8.74785
637571325 -17.1771
637636861 -11.0249
637571437 2.22469
637636973 9.24889
637571441 -7.19725
637636977 9.3875
637571445 5.33343
637636981 4.62705
637571449 -3.40394
637636985 14.277
637571453 11.7487
637636989 -4.77304
637571565 0.609169
637637101 1.41367
637571569 -10.1497
637637105 -7.0437
637571573 10.227
637637109 -7.2866
637571577 -7.58595
637637113 -11.325
637571581 -3.10192
637637117 -6.83352
637571693 2.569
637637229 3.01615
637571697 18.735
637637233 23.6205
637571701 15.8023
637637237 13.3587
637571705 17.0663
637637241 -5.47114
637571709 5.43997
637637245 0.765821
637571821 4.5372
637637357 -9.13449
637571825 -12.7415
637637361 -1.99979
637571829 -1.57889
637637365 -0.583474
637571833 -14.8925
637637369 17.1804
637571837 6.9707
637637373 -14.7693
637571949 0.650785
637637485 -3.45225
637571953 -6.60067
637637489 25.8157
637571957 0.780573
637637493 18.7733
637571961 11.7197
637637497 19.3024
637571965 -2.86993
637637501 2.38627
637572077 4.42089
637637613 17.827
637572081 -17.8756
637637617 -8.22301
637572085 -4.71095
637637621 14.6415
637572089 -8.85803
637637625 -8.82179
637572093 8.0978
637637629 2.43152
637572333 -1.99838
637637869 -11.749
637572337 5.18631
637637873 3.16454
637572341 -4.8066
637637877 20.5164
637572345 0.769597
637637881 -10.1662
637572349 -11.1912
637637885 7.34022
637572589 -11.1357
637638125 9.61331
637572593 -2.79352
637638129 -15.9702
637572597 10.3277
637638133 -6.35683
637572601 -12.0967
637638137 -7.0379
637572605 0.549846
637638141 -3.12013
637575661 5.51909
637641197 -12.1193
637575665 3.32348
637641201 -3.79547
637575669 -1.41932
637641205 13.9343
637575673 14.2879
637641209 9.01178
637575677 18.6183
637641213 3.45431
637579757 1.08284
637645293 8.08536
637579761 -15.325
637645297 10.3234
637579765 5.788
637645301 0.683734
637579769 2.33892
637645305 -18.2494
637579773 3.24825
637645309 6.33225
