604017672 25.2705
604017673 26.3133
604017674 23.7488
604017675 26.2311
604017676 25.1107
604017677 24.782
604017678 24.2632
604017160 25.5834
604017161 24.0998
604017162 24.8858
604017163 24.363
604017164 24.1743
604017165 25.8198
604017166 26.4885
604017688 23.92
604017689 24.4061
604017690 26.0396
604017691 23.942
604017692 27.398
604017693 25.2337
604017694 27.4405
604017176 25.0076
604017177 25.6869
604017178 25.7825
604017179 26.0325
604017180 23.6451
604017181 25.2768
604017182 24.962
604017704 25.8127
604017705 24.4743
604017706 24.6066
604017707 25.6655
604017708 24.4099
604017709 23.9503
604017710 24.5311
604017192 25.2242
604017193 24.3039
604017194 25.8276
604017195 22.5466
604017196 24.7765
604017197 25.5176
604017198 25.17
604017720 23.9343
604017721 23.3263
604017722 25.228
604017723 23.7954
604017724 24.7147
604017725 23.6568
604017726 25.5869
604017208 24.0724
604017209 24.5786
604017210 24.3377
604017211 25.3755
604017212 24.7457
604017213 25.8097
604017214 24.4386
604017736 24.9705
604017737 25.9046
604017738 26.7998
604017739 25.1824
604017740 25.8616
604017741 25.0771
604017742 25.3286
604017224 25.9259
604017225 23.8937
604017226 26.3109
604017227 24.6428
604017228 24.4861
604017229 26.0378
604017230 24.8548
604017752 25.9011
604017753 26.0253
604017754 24.972
604017755 25.2735
604017756 24.3996
604017757 24.8055
604017758 25.0077
604017240 24.256
604017241 25.2262
604017242 24.8422
604017243 25.2324
604017244 24.6915
604017245 24.7274
604017246 23.8119
604017768 25.0185
604017769 24.1278
604017770 24.5224
604017771 26.4515
604017772 24.8945
604017773 25.3247
604017774 26.0289
604017256 24.495
604017257 24.4962
604017258 24.3608
604017259 26.057
604017260 24.394
604017261 24.9013
604017262 25.2464
604017784 26.5566
604017785 27.4124
604017786 25.5337
604017787 24.5654
604017788 24.4629
604017789 26.7017
604017790 25.5017
604017272 25.0276
604017273 27.6589
604017274 22.0567
604017275 27.3078
604017276 24.8895
604017277 24.8299
604017278 25.7429
604017800 25.0948
604017801 24.5811
604017802 25.9918
604017803 26.3823
604017804 23.5976
604017805 25.4069
604017806 23.2338
604017288 25.3246
604017289 23.2893
604017290 23.8093
604017291 24.4467
604017292 25.8484
604017293 24.2477
604017294 24.6876
604017816 26.2077
604017817 24.4917
604017818 24.5613
604017819 24.5807
604017820 25.1896
604017821 26.714
604017822 23.8762
604017304 24.5893
604017305 25.5856
604017306 25.1173
604017307 25.1167
604017308 25.8599
604017309 26.7935
604017310 23.6707
604017832 24.256
604017833 25.593
604017834 23.7353
604017835 24.0722
604017836 24.3217
604017837 24.1377
604017838 24.0937
604017320 24.6835
604017321 23.8662
604017322 25.5822
604017323 24.7118
604017324 23.6247
604017325 25.7592
604017326 24.4931
604017848 23.72
604017849 24.7831
604017850 26.465
604017851 25.5213
604017852 25.547
604017853 23.5767
604017854 24.6562
604017336 23.5146
604017337 25.1181
604017338 25.4465
604017339 25.0204
604017340 25.1823
604017341 26.305
604017342 24.5619
604017864 25.272
604017865 26.7942
604017866 26.3675
604017867 26.139
604017868 23.8734
604017869 25.1266
604017870 24.4683
604017352 24.9033
604017353 24.6294
604017354 25.1614
604017355 24.6384
604017356 26.9183
604017357 24.1632
604017358 26.1319
604017880 25.9888
604017881 24.8861
604017882 24.3164
604017883 26.7393
604017884 22.7849
604017885 25.2511
604017886 24.2512
604017368 26.017
604017369 23.8923
604017370 23.6547
604017371 23.9752
604017372 24.7906
604017373 23.7618
604017374 25.7764
604017896 25.9065
604017897 24.959
604017898 25.4881
604017899 25.5484
604017900 24.4474
604017901 25.5054
604017902 25.7485
604017384 25.0147
604017385 27.2919
604017386 23.8743
604017387 23.0102
604017388 23.9789
604017389 25.1999
604017390 25.0282
604017912 25.2915
604017913 22.6224
604017914 24.0857
604017915 25.1733
604017916 25.2525
604017917 24.4627
604017918 24.9584
604017400 24.9994
604017401 27.5259
604017402 24.1566
604017403 25.9905
604017404 24.7507
604017405 26.1884
604017406 25.7732
604017928 24.876
604017929 25.5115
604017930 26.5672
604017931 25.3898
604017932 25.7512
604017933 25.4221
604017934 25.1165
604017416 23.0203
604017417 24.1713
604017418 25.3211
604017419 26.0177
604017420 24.8889
604017421 25.5521
604017422 24.8585
604017944 23.2765
604017945 24.4613
604017946 26.3395
604017947 23.753
604017948 24.9893
604017949 26.7655
604017950 24.7585
604017432 25.1063
604017433 25.7104
604017434 25.7557
604017435 25.6631
604017436 24.7354
604017437 25.1177
604017438 24.941
604017680 26.0992
604017681 24.7647
604017682 24.2493
604017683 25.2198
604017684 26.9317
604017685 23.4549
604017686 23.7018
604017168 24.0488
604017169 24.936
604017170 25.1142
604017171 25.007
604017172 25.8296
604017173 28.0743
604017174 26.4238
604017696 24.4589
604017697 23.7597
604017698 23.9823
604017699 25.0552
604017700 26.0589
604017701 25.8909
604017702 25.1722
604017184 25.1807
604017185 24.0964
604017186 24.9889
604017187 25.4458
604017188 25.0746
604017189 24.2197
604017190 24.8019
604017712 25.3217
604017713 25.6368
604017714 24.4522
604017715 25.9349
604017716 24.8089
604017717 23.7998
604017718 25.2924
604017200 25.4775
604017201 26.917
604017202 23.9491
604017203 25.3861
604017204 23.9623
604017205 25.4738
604017206 25.2507
604017728 23.7464
604017729 25.6092
604017730 26.0248
604017731 23.5725
604017732 25.9414
604017733 23.6534
604017734 24.9124
604017216 24.8432
604017217 24.7953
604017218 25.245
604017219 25.4092
604017220 25.2024
604017221 25.0327
604017222 23.9256
604017744 25.8221
604017745 24.1046
604017746 23.8571
604017747 24.0199
604017748 24.2769
604017749 24.6789
604017750 24.5711
604017232 25.8247
604017233 24.062
604017234 25.0755
604017235 24.3122
604017236 23.8848
604017237 24.5907
604017238 24.4949
604017760 25.6799
604017761 23.3324
604017762 24.9937
604017763 25.8149
604017764 23.0375
604017765 24.3389
604017766 25.6131
604017248 25.1136
604017249 24.7333
604017250 26.7307
604017251 24.7765
604017252 24.4324
604017253 26.1987
604017254 25.6565
604017776 24.9199
604017777 25.4438
604017778 26.6432
604017779 25.3157
604017780 26.1235
604017781 25.0782
604017782 25.5958
604017264 23.9956
604017265 24.4208
604017266 26.9952
604017267 25.1731
604017268 25.254
604017269 26.4909
604017270 23.7401
604017792 24.3783
604017793 25.7985
604017794 24.7109
604017795 22.6525
604017796 24.8888
604017797 24.6094
604017798 24.3851
604017280 24.0503
604017281 25.9128
604017282 25.3061
604017283 24.9861
604017284 24.8037
604017285 25.8403
604017286 25.3578
604017808 25.4653
604017809 26.0303
604017810 24.0795
604017811 24.559
604017812 24.4334
604017813 23.6705
604017814 25.5557
604017296 24.9469
604017297 26.8142
604017298 24.8633
604017299 25.6838
604017300 24.9945
604017301 24.7116
604017302 25.2541
604017824 24.1538
604017825 24.8248
604017826 24.4295
604017827 25.7303
604017828 25.3894
604017829 25.7554
604017830 25.1423
604017312 22.9244
604017313 24.2665
604017314 25.0411
604017315 25.0714
604017316 25.9476
604017317 26.0267
604017318 25.2591
604017840 22.5689
604017841 25.864
604017842 24.8719
604017843 24.5344
604017844 26.4767
604017845 25.3338
604017846 24.5065
604017328 25.6218
604017329 24.0571
604017330 26.1676
604017331 25.5216
604017332 26.4368
604017333 25.4199
604017334 24.8837
604017856 26.4979
604017857 26.9855
604017858 25.1443
604017859 23.7813
604017860 24.1624
604017861 25.3049
604017862 24.92
604017344 25.6589
604017345 24.3881
604017346 25.1394
604017347 25.5278
604017348 24.8005
604017349 25.364
604017350 25.4124
604017872 24.0324
604017873 25.2434
604017874 23.0967
604017875 25.6459
604017876 24.8233
604017877 24.4424
604017878 24.9568
604017360 23.7471
604017361 24.3037
604017362 25.9255
604017363 25.5538
604017364 23.9004
604017365 24.5712
604017366 23.9127
604017888 24.4181
604017889 26.0761
604017890 26.1081
604017891 22.0795
604017892 25.0107
604017893 23.1574
604017894 22.9977
604017376 24.7607
604017377 24.7964
604017378 25.7795
604017379 26.4139
604017380 23.227
604017381 25.516
604017382 26.088
604017904 25.8428
604017905 24.5837
604017906 24.7985
604017907 25.7363
604017908 24.8514
604017909 24.9498
604017910 26.118
604017392 25.4299
604017393 24.651
604017394 26.7795
604017395 23.7702
604017396 24.6109
604017397 25.4288
604017398 24.0323
604017920 22.8532
604017921 26.1212
604017922 25.0476
604017923 24.2247
604017924 26.9895
604017925 23.692
604017926 23.4147
604017408 24.0176
604017409 23.2136
604017410 23.4938
604017411 23.8241
604017412 25.8469
604017413 24.2149
604017414 25.4672
604017936 26.0362
604017937 24.3762
604017938 23.0134
604017939 26.5023
604017940 25.6128
604017941 24.7271
604017942 25.6966
604017424 24.8005
604017425 24.2695
604017426 25.0214
604017427 25.3338
604017428 24.56
604017429 25.0694
604017430 25.7812
604017952 23.3327
604017953 27.3586
604017954 23.3662
604017955 25.4456
604017956 25.3241
604017957 26.4177
604017958 24.6253
604017440 25.363
604017441 25.1216
604017442 25.7703
604017443 24.7493
604017444 25.2293
604017445 24.2969
604017446 25.7776
604018184 27.5833
604018185 24.7831
604018186 25.0727
604018187 24.7022
604018188 25.8425
604018189 26.5168
604018190 26.4448
604018200 23.8425
604018201 23.9652
604018202 26.0524
604018203 24.1434
604018204 24.0463
604018205 25.3936
604018206 25.0099
604018216 27.0601
604018217 24.9875
604018218 23.2686
604018219 23.9798
604018220 23.3943
604018221 24.6588
604018222 23.7732
604018232 24.7259
604018233 25.5931
604018234 24.8636
604018235 24.8728
604018236 25.4724
604018237 24.5159
604018238 26.4437
604018248 25.5265
604018249 25.8865
604018250 25.338
604018251 23.716
604018252 24.9109
604018253 24.099
604018254 26.2454
604018264 27.1931
604018265 26.3236
604018266 26.377
604018267 25.8135
604018268 25.1588
604018269 24.1568
604018270 23.7737
604018280 25.3943
604018281 25.6
604018282 26.1465
604018283 24.1288
604018284 23.6947
604018285 26.5117
604018286 23.5911
604018296 26.3745
604018297 26.5013
604018298 25.632
604018299 23.544
604018300 24.388
604018301 24.8557
604018302 23.8048
604018312 25.944
604018313 25.5534
604018314 25.5668
604018315 25.0086
604018316 27.0574
604018317 24.0241
604018318 24.6638
604018328 24.7366
604018329 24.9224
604018330 27.1003
604018331 26.213
604018332 26.0778
604018333 26.7294
604018334 24.9258
604018344 25.1159
604018345 25.6846
604018346 23.6788
604018347 25.4376
604018348 23.0592
604018349 26.0131
604018350 26.2703
604018360 23.9493
604018361 23.5037
604018362 24.2388
604018363 24.945
604018364 24.9343
604018365 24.1986
604018366 25.7884
604018376 23.4016
604018377 26.8452
604018378 25.8646
604018379 25.508
604018380 25.8982
604018381 23.7683
604018382 25.0357
604018392 24.4074
604018393 24.2467
604018394 24.8124
604018395 25.89
604018396 24.0746
604018397 25.5404
604018398 26.5699
604018408 24.1266
604018409 24.6396
604018410 24.8461
604018411 23.2169
604018412 25.4956
604018413 25.8545
604018414 22.9623
604018424 24.7895
604018425 24.3775
604018426 26.4686
604018427 24.7036
604018428 25.1384
604018429 24.3827
604018430 25.1976
604018440 22.3763
604018441 26.4773
604018442 25.7297
604018443 27.0828
604018444 23.5827
604018445 24.5426
604018446 24.2512
604018456 25.2005
604018457 25.2635
604018458 25.3749
604018459 23.0157
604018460 24.7256
604018461 24.785
604018462 25.6031
604018192 23.0571
604018193 25.6456
604018194 24.9124
604018195 25.3604
604018196 23.8278
604018197 24.1738
604018198 24.6489
604018208 23.8498
604018209 26.573
604018210 23.6841
604018211 24.8212
604018212 27.2264
604018213 24.547
604018214 26.379
604018224 23.8321
604018225 22.2599
604018226 24.8991
604018227 25.5133
604018228 24.3114
604018229 24.8922
604018230 25.6376
604018240 25.9751
604018241 23.4606
604018242 24.1722
604018243 25.5307
604018244 23.5261
604018245 25.1948
604018246 24.6018
604018256 25.7926
604018257 24.8176
604018258 25.0349
604018259 25.8981
604018260 24.0415
604018261 23.5495
604018262 26.4797
604018272 23.6936
604018273 25.4204
604018274 24.2456
604018275 24.9053
604018276 24.5299
604018277 23.8545
604018278 26.2578
604018288 24.3804
604018289 25.9034
604018290 24.8886
604018291 24.2711
604018292 24.5204
604018293 25.5313
604018294 25.6793
604018304 23.8095
604018305 24.028
604018306 25.2603
604018307 25.1218
604018308 25.5644
604018309 25.5268
604018310 25.7082
604018320 24.791
604018321 23.0209
604018322 25.5309
604018323 26.2147
604018324 24.9386
604018325 25.2813
604018326 26.2509
604018336 25.7674
604018337 25.1839
604018338 25.4174
604018339 24.6714
604018340 25.8826
604018341 24.1249
604018342 24.4227
604018352 24.4327
604018353 24.1319
604018354 24.905
604018355 23.9674
604018356 25.8971
604018357 23.0304
604018358 25.1447
604018368 25.963
604018369 23.4755
604018370 23.1196
604018371 24.0088
604018372 24.9693
604018373 25.5826
604018374 27.6356
604018384 26.1498
604018385 24.5282
604018386 24.5343
604018387 25.5708
604018388 24.6771
604018389 23.4919
604018390 25.8492
604018400 25.3796
604018401 23.3851
604018402 24.4693
604018403 26.5604
604018404 26.2553
604018405 24.1062
604018406 23.7691
604018416 25.8278
604018417 23.4558
604018418 23.29
604018419 25.5518
604018420 25.1286
604018421 24.5408
604018422 25.0206
604018432 26.685
604018433 24.5678
604018434 24.8269
604018435 25.5704
604018436 23.9319
604018437 23.8997
604018438 24.7205
604018448 24.8742
604018449 23.816
604018450 23.0516
604018451 25.7787
604018452 24.4787
604018453 24.3895
604018454 24.2888
604018464 25.642
604018465 23.5764
604018466 25.0795
604018467 26.8059
604018468 25.0435
604018469 23.6466
604018470 24.547
604018696 25.379
604018697 25.655
604018698 25.0878
604018699 27.3866
604018700 26.0827
604018701 24.0702
604018702 26.5838
604018704 24.3305
604018705 25.7619
604018706 25.2747
604018707 26.2405
604018708 24.2988
604018709 24.3219
604018710 25.4575
604018712 26.5439
604018713 24.6583
604018714 25.1654
604018715 24.4949
604018716 25.76
604018717 24.7335
604018718 25.2033
604018720 24.6606
604018721 24.439
604018722 22.0823
604018723 24.1635
604018724 25.3897
604018725 23.5621
604018726 25.7184
604018728 25.8944
604018729 23.9303
604018730 25.5144
604018731 24.2625
604018732 25.5535
604018733 26.4859
604018734 23.2431
604018736 25.7816
604018737 24.8121
604018738 24.782
604018739 24.1525
604018740 24.8333
604018741 23.9711
604018742 23.9675
604018744 25.962
604018745 24.5717
604018746 25.4759
604018747 25.4841
604018748 24.7817
604018749 23.8944
604018750 23.304
604018752 24.9275
604018753 23.4043
604018754 24.0122
604018755 24.2206
604018756 24.953
604018757 25.3186
604018758 23.2859
604018760 24.4666
604018761 26.702
604018762 22.0003
604018763 25.4674
604018764 23.5219
604018765 24.928
604018766 24.7298
604018768 25.0107
604018769 24.7665
604018770 25.1267
604018771 23.3356
604018772 25.5886
604018773 25.9115
604018774 26.0929
604018776 25.7446
604018777 23.1563
604018778 25.6102
604018779 24.3569
604018780 25.5883
604018781 25.2453
604018782 24.0817
604018784 24.5674
604018785 25.1586
604018786 24.405
604018787 25.0325
604018788 24.6793
604018789 25.5849
604018790 26.0677
604018792 24.559
604018793 23.3093
604018794 24.4924
604018795 25.5113
604018796 25.556
604018797 23.5244
604018798 26.709
604018800 24.2151
604018801 26.4198
604018802 24.7202
604018803 25.2205
604018804 24.3832
604018805 25.0983
604018806 26.4542
604018808 25.9567
604018809 26.0351
604018810 25.0968
604018811 25.3348
604018812 25.2043
604018813 25.2614
604018814 24.7244
604018816 26.3649
604018817 25.815
604018818 24.3994
604018819 25.7215
604018820 24.7897
604018821 25.1346
604018822 22.7022
604018824 24.7333
604018825 26.7415
604018826 25.1371
604018827 25.7126
604018828 24.6951
604018829 26.0311
604018830 23.7225
604018832 23.5732
604018833 26.1711
604018834 24.0463
604018835 25.3692
604018836 24.4886
604018837 25.1495
604018838 26.9036
604018840 25.785
604018841 24.8411
604018842 26.2392
604018843 25.6729
604018844 24.1937
604018845 25.852
604018846 24.7176
604018848 24.3377
604018849 24.5123
604018850 25.7528
604018851 23.8481
604018852 26.4027
604018853 24.3768
604018854 25.1754
604018856 24.8129
604018857 24.3445
604018858 26.0023
604018859 23.9058
604018860 25.8832
604018861 24.3831
604018862 24.6069
604018864 26.5219
604018865 25.2875
604018866 25.8126
604018867 25.9607
604018868 26.3636
604018869 23.2955
604018870 23.6735
604018872 24.7572
604018873 26.7129
604018874 26.1948
604018875 23.1008
604018876 25.9269
604018877 26.3253
604018878 25.0843
604018880 25.3539
604018881 22.5095
604018882 26.6359
604018883 24.9987
604018884 24.1541
604018885 25.5049
604018886 25.8264
604018888 24.4539
604018889 25.2846
604018890 23.7036
604018891 24.3445
604018892 23.9902
604018893 24.0494
604018894 23.7258
604018896 26.5761
604018897 24.9103
604018898 25.0629
604018899 26.2377
604018900 23.8355
604018901 24.8877
604018902 26.176
604018904 23.5682
604018905 24.1517
604018906 24.5404
604018907 26.0523
604018908 24.9118
604018909 22.5475
604018910 24.9515
604018912 25.3494
604018913 23.5858
604018914 25.8287
604018915 24.5944
604018916 25.5134
604018917 23.3102
604018918 25.214
604018920 26.6226
604018921 26.6923
604018922 24.9525
604018923 26.2511
604018924 22.7225
604018925 24.4935
604018926 24.0157
604018928 25.5325
604018929 24.9603
604018930 24.445
604018931 25.0746
604018932 23.7142
604018933 24.665
604018934 27.0326
604018936 25.508
604018937 25.1597
604018938 24.0279
604018939 24.7401
604018940 24.7059
604018941 26.1803
604018942 25.0114
604018944 24.9863
604018945 25.5518
604018946 24.7152
604018947 26.3438
604018948 25.7704
604018949 27.1238
604018950 23.698
604018952 24.6704
604018953 23.9564
604018954 24.645
604018955 25.1196
604018956 24.0797
604018957 25.341
604018958 24.4663
604018960 24.7176
604018961 24.6994
604018962 24.5992
604018963 26.0067
604018964 24.9685
604018965 25.403
604018966 25.219
604018968 25.9275
604018969 23.6779
604018970 26.1147
604018971 24.2695
604018972 27.5186
604018973 25.1263
604018974 25.8031
604018976 22.5471
604018977 26.4379
604018978 25.8449
604018979 24.4385
604018980 24.8296
604018981 23.8641
604018982 25.7977
604021256 24.0145
604021257 25.3517
604021258 24.3446
604021259 25.6367
604021260 25.8338
604021261 24.3994
604021262 24.0493
604021272 25.4361
604021273 23.9412
604021274 23.7989
604021275 24.687
604021276 24.1171
604021277 24.7655
604021278 26.1578
604021288 23.8947
604021289 26.1259
604021290 26.6783
604021291 25.8236
604021292 23.921
604021293 23.9969
604021294 25.7751
604021304 25.8127
604021305 25.1499
604021306 27.1143
604021307 25.0181
604021308 25.474
604021309 24.0722
604021310 25.528
604021320 24.5492
604021321 23.2632
604021322 24.3368
604021323 25.877
604021324 24.8469
604021325 25.2142
604021326 24.3892
604021336 23.5922
604021337 25.1748
604021338 26.402
604021339 24.6906
604021340 24.1049
604021341 24.5137
604021342 26.5842
604021352 25.9583
604021353 26.8126
604021354 26.1442
604021355 25.7002
604021356 23.7434
604021357 22.4783
604021358 22.6566
604021368 23.9267
604021369 24.6192
604021370 27.0169
604021371 25.5114
604021372 24.5045
604021373 25.736
604021374 25.3969
604021384 26.1486
604021385 26.2809
604021386 25.3357
604021387 26.2742
604021388 24.5875
604021389 27.1264
604021390 25.9139
604021264 24.5278
604021265 25.9085
604021266 26.2697
604021267 24.5645
604021268 26.7277
604021269 25.0344
604021270 27.2348
604021280 26.3623
604021281 26.2271
604021282 24.3836
604021283 25.349
604021284 25.4591
604021285 25.3137
604021286 24.9963
604021296 23.2674
604021297 24.6886
604021298 24.8544
604021299 25.5692
604021300 26.4053
604021301 25.8253
604021302 25.1685
604021312 23.379
604021313 24.6382
604021314 24.9161
604021315 27.017
604021316 25.1804
604021317 25.9426
604021318 25.0082
604021328 26.5719
604021329 26.0635
604021330 22.6272
604021331 24.2158
604021332 23.0065
604021333 24.496
604021334 22.3613
604021344 25.6165
604021345 26.0951
604021346 23.7773
604021347 25.1207
604021348 24.5078
604021349 26.6159
604021350 25.0417
604021360 23.5665
604021361 24.4838
604021362 25.778
604021363 26.8538
604021364 25.5244
604021365 23.044
604021366 25.1853
604021376 23.009
604021377 23.9577
604021378 25.1457
604021379 25.6995
604021380 24.8776
604021381 24.527
604021382 25.3503
604021392 26.6565
604021393 24.8105
604021394 26.8825
604021395 25.3963
604021396 24.6204
604021397 25.222
604021398 25.7898
604021768 25.1936
604021769 24.0314
604021770 22.7394
604021771 25.3506
604021772 25.4687
604021773 25.8757
604021774 23.5788
604021784 24.0831
604021785 24.925
604021786 25.5576
604021787 25.8025
604021788 24.3741
604021789 25.3243
604021790 25.0431
604021800 24.0761
604021801 23.6829
604021802 26.0202
604021803 25.3773
604021804 24.6704
604021805 23.3195
604021806 23.4637
604021816 24.6261
604021817 24.2529
604021818 23.4865
604021819 23.7053
604021820 23.5893
604021821 26.3644
604021822 25.8196
604021832 25.1192
604021833 26.6132
604021834 25.2544
604021835 23.8519
604021836 26.2665
604021837 25.277
604021838 24.1227
604021848 24.7701
604021849 25.5084
604021850 26.6337
604021851 24.9138
604021852 25.5179
604021853 23.7414
604021854 24.9551
604021864 24.318
604021865 25.286
604021866 24.7584
604021867 25.0899
604021868 24.1201
604021869 25.7891
604021870 25.8088
604021880 24.4029
604021881 24.2492
604021882 25.5365
604021883 25.9608
604021884 26.7964
604021885 25.4596
604021886 24.6307
604021896 25.9038
604021897 22.9629
604021898 25.999
604021899 25.6417
604021900 24.3189
604021901 24.3757
604021902 24.0937
604021912 26.1249
604021913 24.0495
604021914 23.9409
604021915 23.3297
604021916 26.359
604021917 25.7277
604021918 26.1293
604021928 25.2082
604021929 25.6038
604021930 24.2174
604021931 24.3713
604021932 25.5674
604021933 24.6853
604021934 24.7445
604021944 25.4714
604021945 24.7524
604021946 24.816
604021947 24.5003
604021948 25.1492
604021949 24.8028
604021950 27.7431
604021960 25.301
604021961 25.5867
604021962 24.119
604021963 24.0925
604021964 26.6382
604021965 23.2766
604021966 24.4682
604021976 24.4764
604021977 26.3564
604021978 24.505
604021979 25.6887
604021980 24.1933
604021981 24.9166
604021982 26.831
604021992 24.1959
604021993 24.4179
604021994 23.7199
604021995 25.5072
604021996 25.5694
604021997 25.062
604021998 25.7067
604022008 25.6286
604022009 24.833
604022010 24.3958
604022011 25.9862
604022012 24.3797
604022013 26.4483
604022014 24.4905
604022024 23.9938
604022025 24.879
604022026 27.3671
604022027 26.3232
604022028 24.7657
604022029 23.1787
604022030 24.3001
604022040 24.0798
604022041 23.5459
604022042 23.8424
604022043 23.8353
604022044 26.2466
604022045 24.7272
604022046 23.6914
604021776 24.3102
604021777 25.0473
604021778 25.8401
604021779 23.0182
604021780 26.2955
604021781 24.2037
604021782 24.3706
604021792 25.7212
604021793 24.6804
604021794 24.2649
604021795 24.6326
604021796 26.1056
604021797 24.6476
604021798 23.921
604021808 25.3336
604021809 24.7828
604021810 25.7247
604021811 24.4793
604021812 24.4443
604021813 25.0315
604021814 25.3792
604021824 24.844
604021825 25.1412
604021826 26.0123
604021827 24.7789
604021828 25.1593
604021829 25.9347
604021830 23.7164
604021840 24.2413
604021841 23.0725
604021842 24.7513
604021843 24.7554
604021844 25.4435
604021845 24.0138
604021846 24.9975
604021856 26.5431
604021857 26.8224
604021858 25.7274
604021859 24.885
604021860 25.1008
604021861 25.2934
604021862 25.1616
604021872 25.0267
604021873 24.6699
604021874 25.5
604021875 24.386
604021876 25.0623
604021877 24.1808
604021878 25.7366
604021888 25.7365
604021889 25.5066
604021890 24.0495
604021891 22.9878
604021892 25.2017
604021893 23.1198
604021894 25.5023
604021904 24.1554
604021905 24.73
604021906 22.3015
604021907 24.4905
604021908 23.3771
604021909 23.138
604021910 25.9936
604021920 25.5114
604021921 25.1412
604021922 24.6312
604021923 25.0638
604021924 25.2684
604021925 24.0008
604021926 24.7354
604021936 25.7888
604021937 25.5837
604021938 25.1731
604021939 25.6749
604021940 24.4798
604021941 25.8569
604021942 23.4763
604021952 25.2574
604021953 25.6288
604021954 25.686
604021955 23.8889
604021956 27.1558
604021957 25.3406
604021958 26.0289
604021968 24.9292
604021969 23.0993
604021970 25.5496
604021971 24.1362
604021972 23.6759
604021973 23.8985
604021974 24.4435
604021984 24.0861
604021985 24.8063
604021986 25.0822
604021987 24.7867
604021988 26.3619
604021989 25.7406
604021990 24.3571
604022000 24.0089
604022001 25.9057
604022002 24.5062
604022003 26.2849
604022004 26.0605
604022005 25.2616
604022006 24.725
604022016 24.9877
604022017 24.3951
604022018 24.7722
604022019 25.8273
604022020 26.0337
604022021 24.6834
604022022 25.6915
604022032 26.6664
604022033 24.8217
604022034 24.3365
604022035 24.4348
604022036 26.8574
604022037 23.4659
604022038 24.7701
604022048 23.712
604022049 26.0615
604022050 25.1206
604022051 26.1322
604022052 26.166
604022053 24.9649
604022054 24.2604
604025352 25.5787
604025353 25.7069
604025354 26.1393
604025355 25.0391
604025356 24.2991
604025357 24.4291
604025358 25.3537
604025368 24.1203
604025369 25.1632
604025370 26.304
604025371 24.6031
604025372 24.6777
604025373 24.6494
604025374 25.1576
604025384 24.918
604025385 26.4573
604025386 25.8316
604025387 24.6866
604025388 23.1252
604025389 25.212
604025390 23.3408
604025400 23.6668
604025401 21.7365
604025402 24.401
604025403 24.7294
604025404 23.053
604025405 25.6054
604025406 25.3633
604025416 26.7516
604025417 25.8701
604025418 24.1017
604025419 22.8713
604025420 24.7363
604025421 25.1036
604025422 23.8569
604025432 25.6166
604025433 26.0392
604025434 25.0066
604025435 24.1942
604025436 24.9997
604025437 25.7777
604025438 25.1189
604025448 27.2886
604025449 26.5611
604025450 24.9613
604025451 27.3441
604025452 25.5197
604025453 23.1488
604025454 25.2216
604025464 24.8691
604025465 25.674
604025466 24.6636
604025467 23.9963
604025468 24.822
604025469 25.7302
604025470 25.994
604025480 25.8901
604025481 23.831
604025482 23.4698
604025483 26.1388
604025484 25.6121
604025485 23.1539
604025486 25.9989
604025360 24.3738
604025361 25.727
604025362 25.2151
604025363 25.669
604025364 23.574
604025365 24.7914
604025366 25.4291
604025376 25.4837
604025377 23.8623
604025378 27.3769
604025379 25.9611
604025380 25.7205
604025381 26.4086
604025382 24.0174
604025392 26.9585
604025393 25.462
604025394 25.5279
604025395 26.375
604025396 23.8256
604025397 24.1255
604025398 26.6006
604025408 23.248
604025409 25.6992
604025410 23.5742
604025411 26.2656
604025412 25.0365
604025413 24.0046
604025414 26.1758
604025424 24.6287
604025425 24.631
604025426 25.1069
604025427 23.1227
604025428 25.6611
604025429 23.2314
604025430 24.5069
604025440 25.6407
604025441 25.4848
604025442 24.0524
604025443 23.1247
604025444 26.3259
604025445 24.4853
604025446 24.5036
604025456 23.9335
604025457 26.0206
604025458 27.1469
604025459 24.8885
604025460 24.9954
604025461 25.55
604025462 24.2718
604025472 24.1372
604025473 24.7737
604025474 23.0698
604025475 24.4457
604025476 25.3676
604025477 24.8605
604025478 25.8387
604025488 25.6089
604025489 24.6362
604025490 23.9041
604025491 25.2953
604025492 25.3622
604025493 25.3628
604025494 25.9945
604025864 27.0383
604025865 24.4665
604025866 24.1583
604025867 25.4837
604025868 24.8776
604025869 26.4114
604025870 24.7051
604025880 24.8972
604025881 25.9137
604025882 24.4575
604025883 24.176
604025884 25.1165
604025885 25.6882
604025886 24.2193
604025896 27.0747
604025897 24.0053
604025898 25.1584
604025899 26.0279
604025900 25.0887
604025901 24.5093
604025902 23.7809
604025912 24.1785
604025913 25.2786
604025914 24.7956
604025915 25.8494
604025916 26.4694
604025917 24.4591
604025918 26.939
604025928 25.0471
604025929 24.2145
604025930 25.1757
604025931 25.4704
604025932 23.6973
604025933 24.7288
604025934 24.4474
604025944 24.2619
604025945 25.0142
604025946 24.471
604025947 23.6197
604025948 26.5427
604025949 24.8104
604025950 24.9194
604025960 24.3688
604025961 23.9816
604025962 24.8967
604025963 24.8565
604025964 24.8358
604025965 23.4354
604025966 25.7456
604025976 25.646
604025977 25.5066
604025978 25.0281
604025979 25.0558
604025980 25.5966
604025981 23.985
604025982 25.4403
604025992 24.3425
604025993 23.7195
604025994 25.1401
604025995 24.8441
604025996 23.5113
604025997 24.4092
604025998 25.7862
604026008 23.74
604026009 25.6214
604026010 24.8253
604026011 26.4398
604026012 23.6875
604026013 25.4903
604026014 25.1762
604026024 24.0582
604026025 25.0176
604026026 25.3784
604026027 25.6559
604026028 24.3051
604026029 24.9357
604026030 24.97
604026040 24.4825
604026041 25.7539
604026042 25.391
604026043 25.214
604026044 26.6319
604026045 24.345
604026046 24.8863
604026056 25.1952
604026057 24.7249
604026058 24.7039
604026059 23.4829
604026060 24.2502
604026061 25.9842
604026062 24.0803
604026072 25.082
604026073 24.415
604026074 24.8051
604026075 24.0243
604026076 24.3491
604026077 23.6034
604026078 27.2814
604026088 24.0378
604026089 26.7121
604026090 25.8964
604026091 27.0256
604026092 25.1697
604026093 26.433
604026094 26.297
604026104 24.3263
604026105 23.4796
604026106 24.934
604026107 26.0218
604026108 24.492
604026109 24.3964
604026110 26.4317
604026120 26.5442
604026121 24.4026
604026122 25.6615
604026123 23.958
604026124 24.9935
604026125 24.7503
604026126 26.3757
604026136 25.7275
604026137 27.2884
604026138 25.7236
604026139 24.6364
604026140 25.0656
604026141 24.861
604026142 25.2467
604025872 25.5224
604025873 23.923
604025874 23.7793
604025875 23.3162
604025876 25.0387
604025877 24.4504
604025878 25.503
604025888 25.014
604025889 25.307
604025890 25.5412
604025891 25.3039
604025892 24.3487
604025893 26.3697
604025894 25.2157
604025904 25.3348
604025905 27.7107
604025906 26.935
604025907 24.8569
604025908 25.274
604025909 25.8339
604025910 25.7521
604025920 23.8251
604025921 26.5141
604025922 23.9464
604025923 23.7591
604025924 24.4184
604025925 24.2185
604025926 24.7684
604025936 25.0497
604025937 23.8087
604025938 24.5818
604025939 25.4875
604025940 25.8207
604025941 26.4029
604025942 23.9372
604025952 25.023
604025953 25.0278
604025954 25.0331
604025955 24.8995
604025956 24.7089
604025957 25.7212
604025958 26.9667
604025968 26.3465
604025969 24.4796
604025970 23.8072
604025971 25.7912
604025972 26.3071
604025973 24.2058
604025974 25.8299
604025984 25.2994
604025985 23.7183
604025986 26.2405
604025987 25.9176
604025988 27.6812
604025989 24.6878
604025990 25.305
604026000 26.8966
604026001 24.7696
604026002 26.8955
604026003 24.9412
604026004 25.1078
604026005 25.0461
604026006 23.633
604026016 24.0321
604026017 24.3494
604026018 24.8612
604026019 25.4182
604026020 25.2781
604026021 23.8159
604026022 24.9403
604026032 26.0176
604026033 25.3166
604026034 26.1335
604026035 24.8939
604026036 25.6325
604026037 25.4326
604026038 25.0096
604026048 25.0271
604026049 24.2972
604026050 23.8168
604026051 24.762
604026052 24.0752
604026053 21.8936
604026054 25.0074
604026064 25.4905
604026065 23.72
604026066 24.7062
604026067 25.093
604026068 26.0621
604026069 24.3599
604026070 23.7385
604026080 26.8168
604026081 26.4021
604026082 24.3376
604026083 24.807
604026084 25.6252
604026085 26.7243
604026086 23.9412
604026096 24.6402
604026097 26.6704
604026098 25.5403
604026099 25.6408
604026100 25.9225
604026101 24.8686
604026102 25.5483
604026112 24.2116
604026113 24.6655
604026114 24.8125
604026115 25.2854
604026116 24.3608
604026117 23.1044
604026118 23.2963
604026128 24.6659
604026129 25.6836
604026130 24.3626
604026131 23.0988
604026132 25.702
604026133 25.1727
604026134 26.313
604026144 24.463
604026145 23.59
604026146 26.1882
604026147 24.5276
604026148 26.4288
604026149 24.7195
604026150 24.9009
604029448 24.9008
604029449 26.3085
604029450 22.1454
604029451 24.241
604029452 25.7845
604029453 25.1975
604029454 23.6054
604029464 26.1549
604029465 26.0868
604029466 25.0978
604029467 26.3486
604029468 26.1114
604029469 24.2002
604029470 25.744
604029480 25.7654
604029481 26.0223
604029482 25.9908
604029483 25.7285
604029484 24.0725
604029485 23.0027
604029486 24.7296
604029496 26.4689
604029497 25.6324
604029498 26.203
604029499 25.0093
604029500 22.9533
604029501 24.5641
604029502 24.1394
604029512 24.8301
604029513 25.4926
604029514 24.6866
604029515 26.1427
604029516 25.061
604029517 24.3867
604029518 24.5131
604029528 26.3052
604029529 24.1861
604029530 25.5705
604029531 24.2506
604029532 25.8009
604029533 25.0651
604029534 25.6032
604029544 26.4962
604029545 23.6799
604029546 24.4615
604029547 25.3407
604029548 25.9441
604029549 23.678
604029550 25.8986
604029560 25.3277
604029561 23.3474
604029562 24.3198
604029563 22.4618
604029564 25.7941
604029565 25.3846
604029566 24.1424
604029576 26.3783
604029577 25.5727
604029578 24.4258
604029579 25.4695
604029580 24.2915
604029581 24.6509
604029582 24.0106
604029456 24.1528
604029457 24.8981
604029458 26.3242
604029459 24.3013
604029460 24.1713
604029461 24.4252
604029462 26.5753
604029472 24.7659
604029473 25.1548
604029474 25.1439
604029475 25.0569
604029476 25.251
604029477 24.5426
604029478 25.0187
604029488 24.2939
604029489 25.5348
604029490 25.6449
604029491 24.3775
604029492 24.528
604029493 24.0277
604029494 24.4711
604029504 24.4583
604029505 27.1553
604029506 26.2718
604029507 23.6137
604029508 25.0034
604029509 26.1169
604029510 23.3787
604029520 25.8358
604029521 24.5659
604029522 25.4887
604029523 24.3736
604029524 26.9903
604029525 26.4916
604029526 25.0758
604029536 24.9958
604029537 25.6466
604029538 25.5886
604029539 23.6764
604029540 25.4326
604029541 26.3864
604029542 26.3429
604029552 24.5073
604029553 25.5584
604029554 26.1882
604029555 24.0006
604029556 24.3148
604029557 23.8173
604029558 24.332
604029568 25.2466
604029569 24.8011
604029570 23.5001
604029571 24.5697
604029572 25.1188
604029573 24.6694
604029574 25.6332
604029584 26.0487
604029585 25.7579
604029586 24.2022
604029587 25.1739
604029588 24.499
604029589 22.8639
604029590 24.7282
604029960 24.9167
604029961 26.7732
604029962 26.0346
604029963 22.6958
604029964 23.7018
604029965 23.51
604029966 25.4854
604029976 25.5029
604029977 24.4375
604029978 24.9335
604029979 25.6023
604029980 25.1691
604029981 25.4503
604029982 25.1747
604029992 25.2352
604029993 25.963
604029994 25.0203
604029995 21.9853
604029996 25.0187
604029997 25.8449
604029998 25.4066
604030008 26.2853
604030009 26.0658
604030010 25.5644
604030011 24.6495
604030012 25.0432
604030013 24.7588
604030014 24.6145
604030024 23.5603
604030025 25.1436
604030026 24.6631
604030027 25.6694
604030028 24.9877
604030029 26.2078
604030030 24.7714
604030040 25.9371
604030041 24.4657
604030042 24.6368
604030043 27.0663
604030044 24.1961
604030045 25.5474
604030046 23.6564
604030056 24.1159
604030057 26.1683
604030058 25.8593
604030059 26.5614
604030060 27.6773
604030061 24.4561
604030062 25.466
604030072 23.9092
604030073 25.6651
604030074 26.3014
604030075 24.2928
604030076 25.2473
604030077 25.1946
604030078 26.8789
604030088 24.7813
604030089 23.3934
604030090 25.5606
604030091 26.4073
604030092 25.4709
604030093 26.0402
604030094 24.7786
604030104 24.2358
604030105 24.7145
604030106 24.3885
604030107 25.8158
604030108 25.0967
604030109 25.4237
604030110 24.1082
604030120 24.4597
604030121 26.0155
604030122 23.6694
604030123 25.1818
604030124 23.8569
604030125 25.9292
604030126 24.773
604030136 25.7186
604030137 26.1053
604030138 24.2658
604030139 25.4657
604030140 26.6586
604030141 26.1579
604030142 22.6563
604030152 24.1246
604030153 24.405
604030154 27.9987
604030155 24.038
604030156 23.8044
604030157 26.0034
604030158 23.852
604030168 25.4997
604030169 25.0097
604030170 25.101
604030171 24.9378
604030172 24.26
604030173 23.606
604030174 25.6879
604030184 23.2483
604030185 24.6092
604030186 25.6123
604030187 24.4342
604030188 25.8872
604030189 24.572
604030190 24.8994
604030200 24.7168
604030201 24.0816
604030202 25.4542
604030203 26.5886
604030204 26.2626
604030205 25.4345
604030206 27.9499
604030216 26.9988
604030217 25.322
604030218 25.392
604030219 25.3495
604030220 27.3821
604030221 25.5914
604030222 25.074
604030232 27.3449
604030233 22.837
604030234 23.1641
604030235 24.9489
604030236 23.8988
604030237 25.8969
604030238 24.3148
604029968 23.4734
604029969 25.7774
604029970 24.8377
604029971 25.9414
604029972 23.2647
604029973 26.9144
604029974 25.3627
604029984 24.3995
604029985 26.33
604029986 24.6022
604029987 24.9457
604029988 24.0338
604029989 25.5157
604029990 25.8283
604030000 26.8687
604030001 26.739
604030002 25.833
604030003 24.3767
604030004 25.3329
604030005 24.3202
604030006 24.4332
604030016 24.1491
604030017 24.7046
604030018 23.886
604030019 26.3361
604030020 25.5655
604030021 25.1697
604030022 25.1168
604030032 24.7807
604030033 23.4572
604030034 25.6357
604030035 25.003
604030036 25.1629
604030037 26.5761
604030038 25.2187
604030048 25.9758
604030049 25.5497
604030050 25.4845
604030051 24.2461
604030052 23.5678
604030053 24.3334
604030054 24.9133
604030064 24.6154
604030065 24.4596
604030066 24.5509
604030067 25.6971
604030068 25.3791
604030069 25.7892
604030070 24.2792
604030080 26.635
604030081 24.1715
604030082 22.9146
604030083 25.2088
604030084 26.6218
604030085 25.8659
604030086 25.9867
604030096 26.4184
604030097 22.9718
604030098 25.9213
604030099 25.7696
604030100 25.0577
604030101 22.2842
604030102 25.9666
604030112 24.4334
604030113 24.9121
604030114 25.7669
604030115 25.5811
604030116 26.0718
604030117 25.6349
604030118 24.6394
604030128 24.9672
604030129 24.6446
604030130 24.6706
604030131 24.3634
604030132 25.5818
604030133 23.6952
604030134 25.5345
604030144 24.9266
604030145 26.7577
604030146 22.7765
604030147 24.1277
604030148 25.0034
604030149 23.7935
604030150 26.3692
604030160 24.0852
604030161 24.9166
604030162 27.3295
604030163 25.899
604030164 22.9893
604030165 26.3254
604030166 25.3163
604030176 26.2362
604030177 24.9058
604030178 23.0651
604030179 25.167
604030180 24.0168
604030181 23.924
604030182 23.6388
604030192 26.5464
604030193 25.5309
604030194 25.0717
604030195 24.2003
604030196 24.5371
604030197 22.9201
604030198 25.9195
604030208 26.6168
604030209 25.0172
604030210 23.541
604030211 24.331
604030212 24.5471
604030213 25.6527
604030214 23.9771
604030224 26.1475
604030225 24.9491
604030226 24.3709
604030227 24.67
604030228 25.6338
604030229 25.6112
604030230 26.8095
604030240 24.6522
604030241 24.9844
604030242 25.3714
604030243 23.7831
604030244 25.9277
604030245 24.9108
604030246 25.0695
604050440 26.3051
604050441 24.3767
604050442 24.6718
604050443 24.6673
604050444 23.4096
604050445 24.4925
604050446 25.6257
604049928 24.804
604049929 25.0404
604049930 25.0913
604049931 23.5952
604049932 24.2428
604049933 22.214
604049934 24.8666
604050456 24.3384
604050457 25.2245
604050458 24.1716
604050459 24.1615
604050460 23.9418
604050461 26.1748
604050462 25.3899
604049944 23.7965
604049945 24.1375
604049946 24.0342
604049947 25.0439
604049948 25.2788
604049949 26.1905
604049950 23.268
604050472 27.7531
604050473 25.9242
604050474 25.0499
604050475 25.4745
604050476 24.4198
604050477 24.3964
604050478 24.3973
604049960 25.8754
604049961 25.6752
604049962 22.0752
604049963 25.7579
604049964 26.1533
604049965 24.7089
604049966 25.5966
604050488 25.112
604050489 24.5731
604050490 24.4685
604050491 25.2598
604050492 24.8241
604050493 24.8533
604050494 24.6252
604049976 25.3822
604049977 23.651
604049978 26.4042
604049979 23.5616
604049980 25.2723
604049981 27.278
604049982 27.9808
604050504 24.3801
604050505 24.8347
604050506 25.4366
604050507 26.835
604050508 24.7662
604050509 23.6522
604050510 24.546
604049992 25.9426
604049993 25.3999
604049994 24.3915
604049995 26.7909
604049996 25.6684
604049997 24.6331
604049998 24.3436
604050520 26.1003
604050521 24.5756
604050522 24.3859
604050523 23.4042
604050524 25.2981
604050525 25.123
604050526 25.6165
604050008 24.5028
604050009 24.8182
604050010 25.0616
604050011 25.4215
604050012 23.0146
604050013 26.2687
604050014 25.2678
604050536 25.2425
604050537 25.7694
604050538 22.7092
604050539 23.6506
604050540 24.8684
604050541 24.3534
604050542 25.2124
604050024 24.2177
604050025 24.7677
604050026 24.1094
604050027 23.8994
604050028 24.4089
604050029 27.1551
604050030 24.6026
604050552 27.1426
604050553 25.8337
604050554 23.8121
604050555 23.6938
604050556 23.0806
604050557 24.9951
604050558 25.0204
604050040 24.5273
604050041 26.3844
604050042 26.3272
604050043 25.2081
604050044 25.1448
604050045 25.3997
604050046 25.6407
604050568 25.9708
604050569 25.1414
604050570 23.9361
604050571 25.9103
604050572 25.129
604050573 26.1031
604050574 26.0629
604050056 24.2241
604050057 25.585
604050058 26.4974
604050059 25.088
604050060 24.9087
604050061 23.8021
604050062 23.2429
604050584 24.3416
604050585 24.9613
604050586 24.3165
604050587 23.8597
604050588 25.6749
604050589 25.1982
604050590 23.3045
604050072 24.4559
604050073 25.5481
604050074 25.1346
604050075 25.2286
604050076 23.7887
604050077 24.7154
604050078 24.9423
604050600 25.5558
604050601 24.3966
604050602 24.4568
604050603 24.065
604050604 24.3751
604050605 26.4527
604050606 26.3439
604050088 24.3528
604050089 23.9626
604050090 25.0166
604050091 26.1337
604050092 25.278
604050093 24.2859
604050094 25.1901
604050616 24.2295
604050617 24.1722
604050618 24.4173
604050619 24.4389
604050620 25.2791
604050621 25.7267
604050622 25.095
604050104 24.8945
604050105 23.694
604050106 26.2188
604050107 25.5741
604050108 25.2824
604050109 26.0755
604050110 25.579
604050632 24.2394
604050633 24.3271
604050634 23.6581
604050635 24.3842
604050636 24.997
604050637 24.0892
604050638 25.6353
604050120 26.271
604050121 25.276
604050122 26.5205
604050123 27.2004
604050124 24.4803
604050125 25.1827
604050126 23.3777
604050648 25.1677
604050649 25.9204
604050650 24.5274
604050651 24.1223
604050652 25.5515
604050653 26.5429
604050654 25.5017
604050136 24.4547
604050137 24.8146
604050138 25.5211
604050139 24.9409
604050140 24.852
604050141 25.3405
604050142 23.3631
604050664 24.1413
604050665 23.1588
604050666 26.0882
604050667 24.8069
604050668 25.6026
604050669 24.4035
604050670 26.5137
604050152 27.0361
604050153 25.7954
604050154 25.9205
604050155 25.2622
604050156 25.3433
604050157 26.3447
604050158 24.5176
604050680 26.3155
604050681 24.9527
604050682 25.4274
604050683 25.3137
604050684 26.8506
604050685 25.1164
604050686 23.7724
604050168 25.9788
604050169 25.2321
604050170 24.927
604050171 23.3943
604050172 24.8344
604050173 26.6192
604050174 25.9453
604050696 23.6936
604050697 26.9389
604050698 24.8123
604050699 24.4652
604050700 24.4179
604050701 26.3254
604050702 24.7982
604050184 25.1338
604050185 24.9901
604050186 24.5722
604050187 25.997
604050188 27.989
604050189 23.4425
604050190 24.7486
604050712 26.8154
604050713 25.6707
604050714 25.1778
604050715 23.5366
604050716 25.1791
604050717 26.3435
604050718 24.1855
604050200 23.1873
604050201 23.9716
604050202 26.1161
604050203 24.8382
604050204 23.6886
604050205 25.9402
604050206 25.7982
604050448 25.1192
604050449 24.3476
604050450 24.6107
604050451 25.504
604050452 23.0061
604050453 26.0071
604050454 25.5592
604049936 24.6422
604049937 24.5848
604049938 24.3959
604049939 25.6115
604049940 26.5675
604049941 24.2636
604049942 24.8891
604050464 24.651
604050465 26.5376
604050466 24.9639
604050467 25.4997
604050468 25.885
604050469 25.7376
604050470 23.4201
604049952 25.4355
604049953 24.7037
604049954 26.2264
604049955 24.3566
604049956 23.236
604049957 25.1824
604049958 25.5287
604050480 22.6168
604050481 25.5717
604050482 23.5406
604050483 26.5599
604050484 25.654
604050485 25.8788
604050486 25.7688
604049968 25.8222
604049969 23.3594
604049970 27.288
604049971 25.4508
604049972 24.2296
604049973 24.8206
604049974 25.8051
604050496 24.6884
604050497 26.6433
604050498 24.9918
604050499 24.2171
604050500 27.174
604050501 26.1447
604050502 26.3996
604049984 27.1052
604049985 26.2608
604049986 25.8652
604049987 23.4524
604049988 23.8431
604049989 24.6868
604049990 24.4622
604050512 25.036
604050513 22.9462
604050514 25.0227
604050515 23.1858
604050516 24.7275
604050517 24.1997
604050518 24.7043
604050000 24.6401
604050001 25.6914
604050002 26.8228
604050003 25.1984
604050004 25.2109
604050005 24.618
604050006 23.6292
604050528 24.4621
604050529 24.8934
604050530 26.8525
604050531 24.4637
604050532 26.0355
604050533 25.2813
604050534 23.9495
604050016 24.7915
604050017 24.5817
604050018 25.2338
604050019 25.3206
604050020 26.1233
604050021 24.0121
604050022 23.9255
604050544 24.0487
604050545 24.6984
604050546 26.8065
604050547 25.5847
604050548 26.0969
604050549 23.8314
604050550 23.8635
604050032 25.115
604050033 25.5965
604050034 26.4473
604050035 24.2477
604050036 24.0233
604050037 26.2038
604050038 24.3842
604050560 24.6629
604050561 26.2311
604050562 24.2665
604050563 25.138
604050564 26.0135
604050565 23.0711
604050566 24.137
604050048 26.7511
604050049 25.3361
604050050 24.3498
604050051 24.5958
604050052 24.9689
604050053 24.2691
604050054 23.6803
604050576 27.4734
604050577 24.5339
604050578 25.4815
604050579 26.3225
604050580 25.1936
604050581 25.9481
604050582 24.307
604050064 24.6671
604050065 24.0584
604050066 25.1837
604050067 24.6146
604050068 27.2568
604050069 25.0195
604050070 24.5024
604050592 26.4413
604050593 25.4304
604050594 25.5881
604050595 23.3365
604050596 23.8013
604050597 24.7225
604050598 25.1035
604050080 25.303
604050081 25.6791
604050082 23.7906
604050083 24.7906
604050084 25.8776
604050085 24.804
604050086 25.6808
604050608 24.6028
604050609 25.6801
604050610 22.5951
604050611 24.0139
604050612 26.0781
604050613 25.6577
604050614 25.9948
604050096 23.5245
604050097 24.8172
604050098 26.4775
604050099 25.1267
604050100 24.8
604050101 22.4637
604050102 24.6279
604050624 26.2479
604050625 24.6721
604050626 25.8842
604050627 22.861
604050628 25.7368
604050629 23.9574
604050630 25.1695
604050112 23.933
604050113 26.2925
604050114 25.0658
604050115 24.4613
604050116 24.0452
604050117 24.3201
604050118 26.0007
604050640 26.136
604050641 25.3865
604050642 26.3228
604050643 25.759
604050644 24.3389
604050645 24.149
604050646 26.7658
604050128 26.0038
604050129 25.4331
604050130 25.2985
604050131 24.3819
604050132 25.6063
604050133 24.9252
604050134 25.5484
604050656 25.3482
604050657 25.3222
604050658 27.2584
604050659 25.7476
604050660 25.2282
604050661 23.8596
604050662 25.5477
604050144 24.8972
604050145 25.7726
604050146 23.6066
604050147 24.9261
604050148 23.9842
604050149 25.1944
604050150 25.2258
604050672 26.5354
604050673 25.9208
604050674 23.3047
604050675 24.508
604050676 23.2715
604050677 23.129
604050678 23.6372
604050160 26.7569
604050161 25.4345
604050162 25.8391
604050163 25.285
604050164 25.8212
604050165 26.3315
604050166 25.1879
604050688 24.4399
604050689 23.9514
604050690 23.0228
604050691 24.2716
604050692 26.8301
604050693 26.6477
604050694 24.259
604050176 23.1954
604050177 24.7503
604050178 24.8446
604050179 25.0539
604050180 24.5937
604050181 25.4594
604050182 25.8778
604050704 26.1008
604050705 24.1054
604050706 25.2101
604050707 25.8218
604050708 26.6908
604050709 25.4389
604050710 24.7523
604050192 24.1125
604050193 22.8221
604050194 23.2771
604050195 26.916
604050196 25.248
604050197 23.7785
604050198 24.2299
604050720 25.642
604050721 23.2808
604050722 25.699
604050723 25.395
604050724 23.3519
604050725 25.6938
604050726 26.349
604050208 24.6375
604050209 25.7848
604050210 24.6024
604050211 25.2916
604050212 25.5571
604050213 25.0519
604050214 24.0753
604050952 26.2411
604050953 25.4705
604050954 25.0652
604050955 24.3508
604050956 25.708
604050957 23.5092
604050958 24.8585
604050968 24.7339
604050969 26.9872
604050970 26.2676
604050971 24.7125
604050972 22.4608
604050973 23.7681
604050974 26.8047
604050984 24.5079
604050985 25.6834
604050986 28.435
604050987 26.3951
604050988 25.3533
604050989 22.8459
604050990 25.1309
604051000 23.6432
604051001 24.5137
604051002 25.3461
604051003 23.7536
604051004 24.4565
604051005 24.6272
604051006 24.0413
604051016 24.6022
604051017 26.2675
604051018 26.9916
604051019 24.4925
604051020 24.5677
604051021 26.2056
604051022 24.3914
604051032 24.7625
604051033 25.6847
604051034 26.3119
604051035 25.2155
604051036 24.4192
604051037 24.6224
604051038 26.5523
604051048 26.1973
604051049 23.5797
604051050 24.232
604051051 24.3503
604051052 26.2778
604051053 25.0282
604051054 24.541
604051064 24.1919
604051065 24.9454
604051066 24.9982
604051067 25.0457
604051068 24.7591
604051069 26.605
604051070 23.8025
604051080 25.2249
604051081 23.8557
604051082 27.1408
604051083 26.557
604051084 25.6242
604051085 26.4576
604051086 22.3325
604051096 23.6563
604051097 25.5118
604051098 25.2807
604051099 24.384
604051100 25.7123
604051101 25.7429
604051102 25.4436
604051112 25.8637
604051113 25.673
604051114 25.2465
604051115 26.24
604051116 25.4643
604051117 25.4278
604051118 23.9286
604051128 24.6406
604051129 25.5405
604051130 25.4861
604051131 26.3043
604051132 26.105
604051133 24.7651
604051134 24.0106
604051144 23.8974
604051145 26.2713
604051146 24.1067
604051147 24.5589
604051148 24.391
604051149 25.599
604051150 22.9123
604051160 24.4216
604051161 25.4868
604051162 25.1337
604051163 23.6183
604051164 24.8948
604051165 22.9619
604051166 25.3265
604051176 25.0833
604051177 24.4191
604051178 24.201
604051179 25.1339
604051180 24.6281
604051181 22.9615
604051182 25.3101
604051192 25.9405
604051193 23.9387
604051194 25.0187
604051195 25.4244
604051196 24.4099
604051197 25.6986
604051198 25.8697
604051208 24.4701
604051209 25.4896
604051210 23.0396
604051211 24.8419
604051212 24.5878
604051213 23.2907
604051214 25.6282
604051224 25.4657
604051225 24.0457
604051226 25.2132
604051227 25.5468
604051228 25.2884
604051229 23.7162
604051230 23.986
604050960 25.8517
604050961 25.64
604050962 23.8677
604050963 26.3879
604050964 23.8924
604050965 25.312
604050966 24.2154
604050976 23.9348
604050977 24.0954
604050978 24.6613
604050979 25.238
604050980 26.0465
604050981 23.9698
604050982 24.7844
604050992 25.0428
604050993 25.0974
604050994 23.7136
604050995 24.6515
604050996 25.8668
604050997 25.5982
604050998 26.4876
604051008 23.6717
604051009 25.7611
604051010 26.1976
604051011 24.9269
604051012 25.2409
604051013 24.001
604051014 24.8311
604051024 23.1014
604051025 24.1769
604051026 24.309
604051027 26.043
604051028 23.7532
604051029 24.177
604051030 24.4531
604051040 24.6471
604051041 24.4753
604051042 25.5795
604051043 25.3516
604051044 24.302
604051045 24.8921
604051046 25.2997
604051056 25.7896
604051057 23.0029
604051058 23.5884
604051059 25.7622
604051060 24.3622
604051061 25.7449
604051062 25.8535
604051072 26.1
604051073 24.3125
604051074 26.38
604051075 24.8673
604051076 24.2968
604051077 24.6887
604051078 24.5951
604051088 26.4851
604051089 25.2671
604051090 26.3516
604051091 25.6865
604051092 25.334
604051093 23.7342
604051094 24.1622
604051104 24.0245
604051105 24.5575
604051106 23.5497
604051107 24.9846
604051108 26.7348
604051109 24.5923
604051110 25.7498
604051120 26.9185
604051121 23.3999
604051122 25.1027
604051123 23.8037
604051124 24.8704
604051125 25.1622
604051126 24.7966
604051136 24.2882
604051137 25.6928
604051138 25.0825
604051139 22.9983
604051140 25.1458
604051141 24.3921
604051142 24.0118
604051152 25.2022
604051153 24.8792
604051154 27.2528
604051155 25.0695
604051156 25.7295
604051157 23.7463
604051158 23.9842
604051168 24.6539
604051169 25.3921
604051170 25.4428
604051171 24.1187
604051172 22.8806
604051173 26.8213
604051174 25.824
604051184 25.6401
604051185 25.3268
604051186 24.2392
604051187 23.7169
604051188 25.8752
604051189 25.3069
604051190 26.5932
604051200 24.2683
604051201 25.6111
604051202 25.0714
604051203 25.433
604051204 22.6364
604051205 24.1655
604051206 23.487
604051216 23.9453
604051217 24.248
604051218 25.2388
604051219 24.3035
604051220 25.4189
604051221 23.8446
604051222 25.1655
604051232 24.6551
604051233 24.7624
604051234 24.029
604051235 25.1428
604051236 23.7192
604051237 24.9944
604051238 26.771
604051464 24.6895
604051465 23.9947
604051466 24.7466
604051467 25.9261
604051468 25.2923
604051469 23.9274
604051470 25.7103
604051472 25.3749
604051473 24.2242
604051474 24.3112
604051475 23.7403
604051476 24.8851
604051477 25.1167
604051478 23.8457
604051480 23.7378
604051481 21.4629
604051482 22.9332
604051483 26.8045
604051484 25.9597
604051485 26.0866
604051486 24.5893
604051488 25.5935
604051489 24.2445
604051490 22.5944
604051491 25.3408
604051492 24.0073
604051493 25.3724
604051494 26.2504
604051496 23.9276
604051497 25.9571
604051498 25.5335
604051499 23.1841
604051500 24.2119
604051501 26.8179
604051502 22.6095
604051504 22.5089
604051505 24.6436
604051506 27.4239
604051507 25.1922
604051508 24.9817
604051509 26.5037
604051510 25.9402
604051512 22.5051
604051513 25.3293
604051514 25.4784
604051515 22.3914
604051516 25.0394
604051517 24.4538
604051518 26.176
604051520 26.3678
604051521 25.1291
604051522 25.2139
604051523 25.5909
604051524 24.8217
604051525 25.7624
604051526 24.5232
604051528 26.1241
604051529 26.0029
604051530 24.1501
604051531 24.0978
604051532 24.7748
604051533 24.4565
604051534 26.3313
604051536 25.8257
604051537 26.9083
604051538 24.425
604051539 23.9611
604051540 26.8054
604051541 25.3487
604051542 23.7313
604051544 24.1661
604051545 24.9829
604051546 23.7763
604051547 24.7564
604051548 23.4338
604051549 25.7328
604051550 25.1036
604051552 24.1456
604051553 26.6041
604051554 24.6134
604051555 25.7044
604051556 26.8446
604051557 26.7017
604051558 23.9753
604051560 23.7082
604051561 25.0037
604051562 26.4397
604051563 25.5397
604051564 25.2522
604051565 25.2818
604051566 24.8886
604051568 25.016
604051569 25.9639
604051570 24.6268
604051571 25.7149
604051572 24.2039
604051573 25.8224
604051574 24.6768
604051576 26.4157
604051577 25.9949
604051578 27.0342
604051579 26.0083
604051580 24.1644
604051581 23.9628
604051582 23.0586
604051584 25.2034
604051585 25.6818
604051586 24.1621
604051587 24.1486
604051588 25.7416
604051589 26.653
604051590 23.835
604051592 24.8441
604051593 23.5962
604051594 24.203
604051595 26.479
604051596 26.4418
604051597 23.5388
604051598 24.4683
604051600 24.5624
604051601 24.6778
604051602 25.8874
604051603 25.111
604051604 26.8057
604051605 24.2075
604051606 26.4904
604051608 25.4179
604051609 26.4394
604051610 26.4897
604051611 25.4392
604051612 23.9545
604051613 24.5276
604051614 27.1892
604051616 26.1619
604051617 26.2201
604051618 24.3863
604051619 24.881
604051620 27.0778
604051621 24.4713
604051622 24.969
604051624 25.362
604051625 25.1684
604051626 23.3787
604051627 25.7396
604051628 26.3197
604051629 26.6563
604051630 24.6764
604051632 24.2143
604051633 24.7576
604051634 26.4037
604051635 24.7506
604051636 23.5477
604051637 24.0333
604051638 25.3382
604051640 24.2845
604051641 25.5047
604051642 25.2959
604051643 25.4788
604051644 24.7708
604051645 24.0834
604051646 26.0634
604051648 24.4151
604051649 25.122
604051650 27.4503
604051651 25.2213
604051652 23.789
604051653 24.9133
604051654 24.1579
604051656 23.8752
604051657 25.1339
604051658 25.13
604051659 27.3658
604051660 24.5835
604051661 24.7309
604051662 23.4332
604051664 25.1396
604051665 25.19
604051666 25.3054
604051667 25.0468
604051668 25.2126
604051669 24.5157
604051670 24.3824
604051672 24.2801
604051673 26.1657
604051674 23.6578
604051675 25.9938
604051676 23.7229
604051677 25.4853
604051678 24.4977
604051680 24.7857
604051681 25.0373
604051682 24.8824
604051683 25.2252
604051684 25.3007
604051685 24.5655
604051686 23.3634
604051688 24.7221
604051689 25.4054
604051690 24.4999
604051691 24.5672
604051692 26.0593
604051693 26.5503
604051694 24.7009
604051696 25.6447
604051697 23.4068
604051698 24.9003
604051699 23.1419
604051700 24.5437
604051701 25.403
604051702 24.5672
604051704 25.7743
604051705 25.6785
604051706 25.1583
604051707 23.6237
604051708 25.1039
604051709 25.1232
604051710 24.2089
604051712 25.7061
604051713 24.8229
604051714 24.8276
604051715 23.262
604051716 23.9699
604051717 22.8859
604051718 25.4389
604051720 23.9927
604051721 23.9782
604051722 24.7498
604051723 25.0236
604051724 25.8587
604051725 24.7119
604051726 24.9742
604051728 26.2534
604051729 23.3524
604051730 24.1946
604051731 25.74
604051732 24.8785
604051733 25.3588
604051734 23.9467
604051736 24.1575
604051737 23.8674
604051738 24.9329
604051739 26.8232
604051740 25.3719
604051741 25.6701
604051742 25.1371
604051744 26.3406
604051745 25.978
604051746 24.5363
604051747 23.8649
604051748 26.4131
604051749 23.7848
604051750 24.4466
604054024 25.0389
604054025 24.738
604054026 25.0071
604054027 24.0251
604054028 24.6508
604054029 24.7271
604054030 25.532
604054040 25.8811
604054041 24.5246
604054042 25.0823
604054043 23.9961
604054044 25.0706
604054045 25.3145
604054046 24.2777
604054056 24.0437
604054057 24.4356
604054058 24.6669
604054059 26.1693
604054060 25.6343
604054061 23.7492
604054062 25.4464
604054072 25.3689
604054073 23.4337
604054074 25.1539
604054075 25.7887
604054076 23.8571
604054077 23.9978
604054078 25.8656
604054088 24.5597
604054089 23.6631
604054090 24.9555
604054091 23.7459
604054092 25.3961
604054093 26.293
604054094 25.0709
604054104 24.8243
604054105 25.6241
604054106 24.7808
604054107 25.8415
604054108 24.8178
604054109 22.4813
604054110 26.1417
604054120 25.8516
604054121 23.5889
604054122 26.5835
604054123 25.8021
604054124 24.0252
604054125 25.2621
604054126 25.0934
604054136 25.6089
604054137 25.8043
604054138 24.5282
604054139 25.8322
604054140 24.4353
604054141 23.8393
604054142 26.0641
604054152 23.4946
604054153 24.2976
604054154 25.5925
604054155 24.8047
604054156 24.0314
604054157 25.2526
604054158 24.7633
604054032 25.9966
604054033 26.1069
604054034 26.0108
604054035 23.89
604054036 26.563
604054037 25.2932
604054038 23.829
604054048 25.5927
604054049 24.6373
604054050 24.0192
604054051 25.6724
604054052 23.8431
604054053 25.2643
604054054 25.0897
604054064 26.4612
604054065 26.5783
604054066 25.0701
604054067 23.576
604054068 25.762
604054069 24.6728
604054070 23.7042
604054080 25.6481
604054081 24.5192
604054082 26.8021
604054083 23.6749
604054084 26.1247
604054085 25.0785
604054086 23.4772
604054096 22.5817
604054097 23.6319
604054098 25.2026
604054099 25.7775
604054100 24.4158
604054101 24.6976
604054102 24.1831
604054112 24.4277
604054113 25.3731
604054114 25.4588
604054115 25.7578
604054116 25.8555
604054117 24.5692
604054118 24.3716
604054128 24.864
604054129 24.8541
604054130 25.6492
604054131 24.2241
604054132 25.7814
604054133 24.8582
604054134 26.9992
604054144 24.382
604054145 25.1282
604054146 28.169
604054147 25.8887
604054148 25.0172
604054149 25.1424
604054150 25.4567
604054160 25.8092
604054161 26.4697
604054162 25.3768
604054163 23.9854
604054164 24.3125
604054165 23.7798
604054166 25.0506
604054536 25.7223
604054537 23.7585
604054538 27.0476
604054539 24.0574
604054540 23.8534
604054541 24.9266
604054542 24.6081
604054552 23.8756
604054553 23.7112
604054554 26.0218
604054555 25.3205
604054556 25.154
604054557 24.3976
604054558 25.6693
604054568 26.1364
604054569 25.0309
604054570 24.6238
604054571 25.5339
604054572 26.0855
604054573 24.7092
604054574 24.6416
604054584 25.8517
604054585 25.6084
604054586 25.2501
604054587 23.7424
604054588 24.8965
604054589 26.8884
604054590 24.9173
604054600 26.537
604054601 25.6479
604054602 23.8319
604054603 25.739
604054604 24.0606
604054605 25.6554
604054606 24.3126
604054616 25.3506
604054617 25.2738
604054618 24.3918
604054619 25.6356
604054620 24.8715
604054621 26.3081
604054622 25.9331
604054632 25.2798
604054633 24.9745
604054634 25.6731
604054635 25.1631
604054636 25.7421
604054637 26.0952
604054638 23.9047
604054648 25.3267
604054649 23.6827
604054650 23.2766
604054651 26.01
604054652 25.7698
604054653 24.6895
604054654 23.7896
604054664 25.2003
604054665 25.0971
604054666 25.0335
604054667 27.073
604054668 22.9984
604054669 24.1866
604054670 24.2511
604054680 26.1824
604054681 26.2784
604054682 26.5594
604054683 24.5066
604054684 23.9687
604054685 25.0148
604054686 25.4784
604054696 27.0104
604054697 23.0943
604054698 24.3127
604054699 24.0217
604054700 26.0389
604054701 25.7908
604054702 26.5071
604054712 26.8716
604054713 23.5047
604054714 24.7867
604054715 24.8396
604054716 24.1667
604054717 24.4502
604054718 24.9108
604054728 25.572
604054729 23.2462
604054730 26.0272
604054731 26.2181
604054732 26.1992
604054733 25.5408
604054734 24.3131
604054744 25.905
604054745 26.1676
604054746 22.6378
604054747 25.9714
604054748 24.0175
604054749 26.0496
604054750 26.4869
604054760 23.1316
604054761 25.9777
604054762 24.2905
604054763 26.2154
604054764 24.7687
604054765 24.07
604054766 25.2742
604054776 26.6736
604054777 24.927
604054778 28.0652
604054779 24.0826
604054780 25.3137
604054781 25.1277
604054782 25.5744
604054792 25.4578
604054793 26.807
604054794 24.9122
604054795 24.6386
604054796 23.8875
604054797 26.5847
604054798 23.4512
604054808 26.2197
604054809 25.1922
604054810 24.7698
604054811 23.7311
604054812 24.7707
604054813 26.6029
604054814 24.409
604054544 24.9564
604054545 24.5723
604054546 24.3536
604054547 25.5773
604054548 24.8203
604054549 26.0232
604054550 24.1377
604054560 24.9153
604054561 25.7431
604054562 25.2257
604054563 25.4272
604054564 23.9793
604054565 27.2521
604054566 28.0868
604054576 24.508
604054577 25.4986
604054578 26.1959
604054579 26.4362
604054580 24.5824
604054581 24.5625
604054582 23.7901
604054592 24.5519
604054593 26.2509
604054594 25.4354
604054595 23.6292
604054596 25.0266
604054597 24.1564
604054598 22.9605
604054608 25.3778
604054609 26.3524
604054610 24.2809
604054611 25.0569
604054612 24.5809
604054613 25.1813
604054614 25.4751
604054624 25.7589
604054625 25.6156
604054626 23.2323
604054627 24.2376
604054628 23.9568
604054629 23.6701
604054630 25.6465
604054640 24.9047
604054641 24.2797
604054642 25.0217
604054643 25.547
604054644 24.0624
604054645 25.3319
604054646 25.8983
604054656 26.917
604054657 25.8582
604054658 24.2333
604054659 26.5569
604054660 24.9342
604054661 24.0784
604054662 24.4901
604054672 25.603
604054673 25.1323
604054674 24.6946
604054675 26.365
604054676 25.0005
604054677 24.9993
604054678 25.3158
604054688 26.264
604054689 25.8315
604054690 25.3623
604054691 25.454
604054692 25.6281
604054693 24.8403
604054694 26.0151
604054704 25.09
604054705 25.1664
604054706 27.5218
604054707 25.2563
604054708 25.6314
604054709 26.192
604054710 23.9909
604054720 25.6985
604054721 26.534
604054722 24.8446
604054723 23.2586
604054724 26.208
604054725 25.0396
604054726 23.9323
604054736 23.6628
604054737 25.0819
604054738 25.3248
604054739 24.5238
604054740 22.8939
604054741 25.2521
604054742 27.0006
604054752 25.1074
604054753 25.1435
604054754 24.7989
604054755 25.1263
604054756 22.7379
604054757 24.8077
604054758 24.4585
604054768 24.1817
604054769 25.7586
604054770 25.2725
604054771 25.3234
604054772 25.5885
604054773 23.5936
604054774 24.5421
604054784 26.6731
604054785 26.2651
604054786 25.6441
604054787 25.4769
604054788 26.2371
604054789 26.8586
604054790 23.8731
604054800 25.558
604054801 24.1965
604054802 25.1666
604054803 25.3535
604054804 25.5428
604054805 25.8814
604054806 25.634
604054816 24.917
604054817 24.4445
604054818 26.221
604054819 24.5816
604054820 26.2424
604054821 24.1588
604054822 25.28
604058120 25.3813
604058121 26.5082
604058122 24.5367
604058123 24.828
604058124 24.6021
604058125 24.9764
604058126 24.6074
604058136 25.8969
604058137 25.3366
604058138 24.5567
604058139 23.4724
604058140 25.3915
604058141 25.7975
604058142 24.1572
604058152 25.0005
604058153 23.3553
604058154 24.0463
604058155 24.8066
604058156 26.8652
604058157 23.6112
604058158 24.5432
604058168 25.5089
604058169 24.334
604058170 26.1754
604058171 25.4607
604058172 23.0342
604058173 24.3515
604058174 25.258
604058184 25.5173
604058185 25.196
604058186 25.8724
604058187 25.6796
604058188 24.6868
604058189 24.5851
604058190 24.5473
604058200 24.2485
604058201 25.897
604058202 24.6291
604058203 25.9616
604058204 26.1954
604058205 25.2732
604058206 24.7543
604058216 26.5741
604058217 25.4297
604058218 24.1973
604058219 23.7215
604058220 24.125
604058221 24.751
604058222 23.8313
604058232 23.3907
604058233 24.4639
604058234 26.2939
604058235 23.581
604058236 24.8769
604058237 23.8791
604058238 24.2063
604058248 24.8437
604058249 24.0417
604058250 25.1823
604058251 25.4228
604058252 27.1544
604058253 24.5677
604058254 26.5077
604058128 26.6471
604058129 24.3667
604058130 24.0009
604058131 24.9096
604058132 23.2765
604058133 26.0534
604058134 24.5484
604058144 26.0452
604058145 23.1413
604058146 26.271
604058147 25.478
604058148 24.4012
604058149 23.6096
604058150 25.7371
604058160 24.0533
604058161 24.7653
604058162 23.2993
604058163 26.3284
604058164 26.878
604058165 24.5555
604058166 24.9123
604058176 24.9714
604058177 24.9345
604058178 26.2253
604058179 25.4029
604058180 24.0746
604058181 25.3972
604058182 24.091
604058192 25.2542
604058193 25.9135
604058194 23.8664
604058195 24.1772
604058196 25.4581
604058197 23.4051
604058198 24.8704
604058208 24.3292
604058209 24.0695
604058210 24.1483
604058211 25.8299
604058212 25.4041
604058213 23.9808
604058214 25.7514
604058224 26.0437
604058225 25.2437
604058226 25.3061
604058227 23.6343
604058228 22.8246
604058229 23.0487
604058230 25.5242
604058240 24.9377
604058241 24.052
604058242 26.3447
604058243 25.69
604058244 25.1556
604058245 26.7858
604058246 24.9116
604058256 26.0985
604058257 24.035
604058258 25.0893
604058259 25.5089
604058260 24.8286
604058261 23.659
604058262 25.4832
604058632 24.7375
604058633 25.3605
604058634 25.0979
604058635 24.9446
604058636 23.7278
604058637 25.9108
604058638 23.3408
604058648 25.1665
604058649 25.5428
604058650 24.0511
604058651 24.5551
604058652 26.7109
604058653 26.0544
604058654 25.329
604058664 24.9571
604058665 25.2077
604058666 23.7213
604058667 26.2556
604058668 24.558
604058669 24.1876
604058670 25.064
604058680 24.413
604058681 25.8735
604058682 23.37
604058683 23.2586
604058684 23.904
604058685 25.4814
604058686 23.0888
604058696 24.7357
604058697 24.0658
604058698 26.2185
604058699 25.2558
604058700 27.6555
604058701 24.6323
604058702 24.1116
604058712 25.6774
604058713 25.0206
604058714 24.6892
604058715 24.088
604058716 22.7761
604058717 25.2088
604058718 25.2541
604058728 25.1197
604058729 24.2139
604058730 25.1853
604058731 24.5803
604058732 25.9988
604058733 22.7066
604058734 23.8336
604058744 24.6726
604058745 24.4246
604058746 24.7126
604058747 24.6899
604058748 26.0268
604058749 26.647
604058750 25.5784
604058760 24.1077
604058761 24.3495
604058762 24.1446
604058763 25.4913
604058764 26.1849
604058765 23.1955
604058766 25.7215
604058776 25.7851
604058777 24.1528
604058778 23.8842
604058779 25.2926
604058780 26.4499
604058781 26.3896
604058782 25.0032
604058792 24.0983
604058793 27.6006
604058794 25.0246
604058795 26.5954
604058796 25.9268
604058797 24.7783
604058798 26.5
604058808 25.3222
604058809 23.6198
604058810 27.1715
604058811 24.5671
604058812 25.8111
604058813 23.8497
604058814 24.8128
604058824 25.248
604058825 24.6252
604058826 25.028
604058827 25.0947
604058828 26.8505
604058829 26.2042
604058830 26.8955
604058840 25.7141
604058841 25.5417
604058842 25.6885
604058843 23.6079
604058844 24.1202
604058845 25.5037
604058846 26.27
604058856 24.2122
604058857 24.722
604058858 24.476
604058859 24.9295
604058860 24.0827
604058861 23.802
604058862 24.5365
604058872 25.1324
604058873 25.7332
604058874 23.9045
604058875 24.8636
604058876 24.8036
604058877 23.7774
604058878 25.2819
604058888 25.5556
604058889 25.9026
604058890 27.4872
604058891 23.587
604058892 24.9135
604058893 24.2639
604058894 23.6926
604058904 24.5233
604058905 24.5774
604058906 24.0854
604058907 26.4239
604058908 25.1612
604058909 24.031
604058910 24.0066
604058640 26.0507
604058641 26.0522
604058642 26.0981
604058643 24.1188
604058644 25.6213
604058645 25.5298
604058646 26.2865
604058656 25.2158
604058657 25.1387
604058658 24.6847
604058659 25.6983
604058660 24.7169
604058661 24.1215
604058662 24.6103
604058672 25.9931
604058673 25.409
604058674 24.4921
604058675 26.1931
604058676 24.283
604058677 23.7236
604058678 27.0149
604058688 24.1294
604058689 24.884
604058690 26.3735
604058691 26.1611
604058692 25.0569
604058693 25.2532
604058694 25.777
604058704 26.5546
604058705 25.6229
604058706 25.609
604058707 24.6198
604058708 25.5068
604058709 24.7148
604058710 24.7581
604058720 23.3837
604058721 24.2382
604058722 24.2957
604058723 26.9328
604058724 25.5182
604058725 25.0879
604058726 26.452
604058736 25.4254
604058737 25.7537
604058738 25.3551
604058739 24.4408
604058740 25.8253
604058741 23.4883
604058742 24.7173
604058752 26.6213
604058753 25.9999
604058754 25.8822
604058755 24.7852
604058756 24.8451
604058757 24.4388
604058758 24.3239
604058768 25.0361
604058769 22.9961
604058770 24.7634
604058771 25.2164
604058772 24.422
604058773 23.3957
604058774 24.1581
604058784 22.1914
604058785 23.984
604058786 26.0102
604058787 25.8813
604058788 24.5728
604058789 26.7637
604058790 25.2199
604058800 23.6002
604058801 23.6179
604058802 25.9254
604058803 23.913
604058804 24.9146
604058805 24.7736
604058806 26.1942
604058816 25.6191
604058817 26.1293
604058818 25.3835
604058819 23.3614
604058820 24.7976
604058821 23.5035
604058822 24.4883
604058832 25.0559
604058833 26.5799
604058834 26.6564
604058835 24.4316
604058836 26.6235
604058837 23.4584
604058838 24.9947
604058848 25.2732
604058849 24.4459
604058850 24.5075
604058851 24.5116
604058852 25.0138
604058853 27.0143
604058854 24.0497
604058864 25.0351
604058865 26.0934
604058866 26.3173
604058867 24.5462
604058868 23.2328
604058869 24.5114
604058870 24.3788
604058880 23.0623
604058881 25.9679
604058882 25.1488
604058883 24.9361
604058884 24.0016
604058885 24.8535
604058886 24.3612
604058896 24.6295
604058897 25.8347
604058898 24.9587
604058899 22.7796
604058900 24.6668
604058901 25.0122
604058902 24.0514
604058912 24.6986
604058913 22.587
604058914 23.1396
604058915 26.0506
604058916 24.4465
604058917 25.2637
604058918 24.5227
604062216 24.0449
604062217 24.1913
604062218 25.1268
604062219 24.2234
604062220 24.4427
604062221 26.0709
604062222 24.3158
604062232 24.7912
604062233 25.0208
604062234 24.7529
604062235 27.1229
604062236 26.3637
604062237 25.4719
604062238 23.8517
604062248 23.2016
604062249 25.746
604062250 25.0838
604062251 23.7609
604062252 25.06
604062253 24.8572
604062254 25.8506
604062264 24.5872
604062265 25.2589
604062266 24
604062267 25.5763
604062268 25.141
604062269 26.3243
604062270 25.4469
604062280 25.5921
604062281 25.929
604062282 25.3324
604062283 27.9858
604062284 23.9899
604062285 25.1924
604062286 24.357
604062296 25.6567
604062297 24.9447
604062298 25.0707
604062299 24.3901
604062300 24.7611
604062301 24.3428
604062302 26.064
604062312 26.2481
604062313 24.6555
604062314 25.1499
604062315 26.4245
604062316 27.4977
604062317 24.6475
604062318 24.436
604062328 24.9561
604062329 26.2074
604062330 25.2395
604062331 25.8616
604062332 25.0537
604062333 25.8335
604062334 26.5594
604062344 23.1274
604062345 23.718
604062346 24.5906
604062347 26.99
604062348 24.767
604062349 26.439
604062350 25.167
604062224 25.7516
604062225 25.1007
604062226 25.5351
604062227 25.4027
604062228 25.11
604062229 24.5225
604062230 24.469
604062240 26.2399
604062241 23.5616
604062242 24.402
604062243 23.4187
604062244 25.0494
604062245 23.6665
604062246 24.3574
604062256 26.5802
604062257 25.1525
604062258 25.9147
604062259 24.2738
604062260 25.3927
604062261 24.8659
604062262 24.6974
604062272 26.5893
604062273 23.2909
604062274 25.0689
604062275 24.2706
604062276 24.3352
604062277 23.0202
604062278 25.5128
604062288 26.5333
604062289 25.5856
604062290 25.4139
604062291 24.5356
604062292 24.0235
604062293 24.4267
604062294 24.5128
604062304 25.2721
604062305 26.04
604062306 25.8233
604062307 25.6123
604062308 24.6729
604062309 26.088
604062310 25.6314
604062320 27.2423
604062321 23.5969
604062322 25.7084
604062323 24.4487
604062324 26.9765
604062325 25.4299
604062326 27.2751
604062336 26.6907
604062337 24.8317
604062338 25.3787
604062339 25.5571
604062340 23.0808
604062341 25.6819
604062342 24.613
604062352 26.1614
604062353 24.0306
604062354 24.6699
604062355 26.804
604062356 24.8111
604062357 25.6763
604062358 25.2831
604062728 25.3298
604062729 24.524
604062730 25.1949
604062731 26.2953
604062732 24.0552
604062733 26.2051
604062734 25.2405
604062744 24.2083
604062745 24.3967
604062746 25.608
604062747 26.207
604062748 23.2117
604062749 22.7457
604062750 24.5505
604062760 25.9363
604062761 23.7156
604062762 25.578
604062763 24.9659
604062764 24.6754
604062765 24.9766
604062766 25.4719
604062776 23.9782
604062777 25.683
604062778 24.4288
604062779 26.423
604062780 24.4768
604062781 25.4983
604062782 23.495
604062792 24.8999
604062793 25.773
604062794 24.7892
604062795 25.7702
604062796 24.6813
604062797 26.0078
604062798 24.4518
604062808 23.9062
604062809 25.0092
604062810 24.5974
604062811 24.3823
604062812 22.7855
604062813 23.4394
604062814 25.9089
604062824 26.1167
604062825 25.1645
604062826 24.0756
604062827 25.6998
604062828 25.6457
604062829 24.4066
604062830 24.7897
604062840 25.642
604062841 25.1307
604062842 26.3525
604062843 23.3643
604062844 25.4631
604062845 24.0796
604062846 25.273
604062856 22.3821
604062857 24.1248
604062858 24.5794
604062859 26.2399
604062860 25.8206
604062861 23.8455
604062862 24.6648
604062872 24.7753
604062873 23.2586
604062874 24.3394
604062875 25.548
604062876 25.5779
604062877 24.0825
604062878 25.3436
604062888 24.2131
604062889 24.5514
604062890 23.467
604062891 24.5619
604062892 22.8149
604062893 25.3608
604062894 26.5547
604062904 26.1803
604062905 24.0877
604062906 27.1307
604062907 26.0407
604062908 23.2389
604062909 24.8489
604062910 26.1603
604062920 26.1123
604062921 24.9831
604062922 23.2122
604062923 25.0989
604062924 24.6852
604062925 26.1114
604062926 26.5472
604062936 23.5704
604062937 24.7596
604062938 26.191
604062939 23.1406
604062940 26.8721
604062941 23.2397
604062942 24.4881
604062952 26.5536
604062953 25.3707
604062954 25.8746
604062955 24.7085
604062956 26.1447
604062957 27.1973
604062958 24.3514
604062968 24.4243
604062969 26.377
604062970 25.0406
604062971 25.3245
604062972 25.5656
604062973 23.7221
604062974 25.0349
604062984 23.9533
604062985 25.5349
604062986 26.9726
604062987 24.2068
604062988 23.2239
604062989 26.4388
604062990 25.5028
604063000 24.9471
604063001 26.7209
604063002 24.8276
604063003 23.6329
604063004 25.1825
604063005 25.5528
604063006 25.2554
604062736 25.5799
604062737 24.0921
604062738 24.8041
604062739 23.6511
604062740 22.8479
604062741 26.4245
604062742 24.7001
604062752 24.6288
604062753 24.862
604062754 24.6388
604062755 24.7376
604062756 25.2974
604062757 26.6748
604062758 23.8552
604062768 24.0759
604062769 25.4793
604062770 23.5647
604062771 25.9111
604062772 23.7774
604062773 24.9888
604062774 24.3286
604062784 24.646
604062785 25.3511
604062786 27.2407
604062787 25.0091
604062788 24.4349
604062789 24.2483
604062790 26.1385
604062800 25.0187
604062801 26.1448
604062802 24.5934
604062803 24.4747
604062804 25.3875
604062805 23.2353
604062806 24.1908
604062816 25.8459
604062817 25.1703
604062818 25.1079
604062819 23.1432
604062820 24.8657
604062821 24.634
604062822 25.8909
604062832 25.5375
604062833 25.921
604062834 26.1751
604062835 24.8356
604062836 24.7409
604062837 25.0375
604062838 25.5933
604062848 25.3463
604062849 23.8629
604062850 23.1785
604062851 27.0362
604062852 24.0924
604062853 26.2196
604062854 25.1582
604062864 23.0442
604062865 24.4467
604062866 24.3602
604062867 25.5915
604062868 24.3565
604062869 25.2139
604062870 24.8178
604062880 24.6261
604062881 26.0335
604062882 25.9063
604062883 26.5148
604062884 23.6861
604062885 25.9192
604062886 26.1364
604062896 25.5721
604062897 25.7134
604062898 23.6934
604062899 24.6143
604062900 24.7571
604062901 28.0298
604062902 25.666
604062912 23.884
604062913 25.2325
604062914 26.2628
604062915 24.9386
604062916 24.857
604062917 24.1087
604062918 23.9041
604062928 24.8466
604062929 24.6912
604062930 22.8781
604062931 24.1319
604062932 25.8886
604062933 24.239
604062934 24.1876
604062944 23.5477
604062945 24.8915
604062946 24.7012
604062947 25.3749
604062948 25.0277
604062949 24.7984
604062950 26.0773
604062960 26.2927
604062961 25.9735
604062962 23.6949
604062963 24.8426
604062964 25.3786
604062965 22.8271
604062966 25.9683
604062976 25.771
604062977 27.358
604062978 25.5304
604062979 23.8839
604062980 24.4281
604062981 26.3335
604062982 24.3463
604062992 24.9276
604062993 24.6488
604062994 25.3793
604062995 25.6443
604062996 23.1145
604062997 24.5305
604062998 25.4961
604063008 24.7517
604063009 24.6777
604063010 24.273
604063011 23.1312
604063012 24.3009
604063013 23.6856
604063014 25.0066
