637566980 -0.15351
637599748 0.134604
637632516 -0.612583
637566982 0.551902
637599750 0.72399
637632518 -0.655643
637566984 -3.09195
637599752 0.974073
637632520 0.0811312
637566986 -1.17592
637599754 0.38067
637632522 -1.05763
637566989 1.00476
637632525 0.398669
637566993 -0.983494
637632529 -0.218599
637566997 1.14446
637632533 -0.701051
637567001 -1.54654
637632537 0.870482
637567005 0.0823637
637632541 0.173789
637567108 0.386006
637599876 -0.30376
637632644 1.32361
637567110 -0.302495
637599878 -1.02847
637632646 1.81044
637567112 0.728877
637599880 0.909303
637632648 2.20373
637567114 0.968465
637599882 0.821247
637632650 1.0137
637567117 0.783919
637632653 -0.128163
637567121 0.933628
637632657 -1.17853
637567125 1.58795
637632661 -0.812522
637567129 -0.710216
637632665 0.0875841
637567133 0.565912
637632669 0.749433
637567236 0.987319
637600004 1.20854
637632772 0.315751
637567238 0.504403
637600006 0.221916
637632774 -1.51841
637567240 0.245337
637600008 -1.24962
637632776 0.325285
637567242 -1.13008
637600010 0.677531
637632778 -0.474629
637567245 -0.226524
637632781 0.333158
637567249 0.042296
637632785 0.59765
637567253 0.605817
637632789 -0.0433216
637567257 0.0807113
637632793 -1.29877
637567261 1.91344
637632797 -0.792366
637567364 -1.97179
637600132 -0.76719
637632900 -1.18419
637567366 -0.973692
637600134 1.88763
637632902 0.791245
637567368 1.81597
637600136 -0.951102
637632904 -1.62095
637567370 0.0053657
637600138 -0.693788
637632906 -0.353746
637567373 -0.158075
637632909 -0.0729908
637567377 -1.40933
637632913 0.0362327
637567381 1.22443
637632917 -0.382388
637567385 0.0130656
637632921 0.304154
637567389 0.308366
637632925 1.60043
637567492 0.16111
637600260 -0.630925
637633028 -1.51842
637567494 0.885082
637600262 0.416644
637633030 0.041029
637567496 -1.4418
637600264 -2.45826
637633032 1.23323
637567498 0.311369
637600266 -0.0971968
637633034 0.64571
637567501 0.707446
637633037 0.204917
637567505 -0.981055
637633041 -0.0262343
637567509 -0.62325
637633045 0.55404
637567513 0.100068
637633049 0.242049
637567517 -0.987002
637633053 -0.287724
637567620 -0.937471
637600388 0.753863
637633156 -0.846427
637567622 0.287041
637600390 0.265576
637633158 -0.208704
637567624 -0.414584
637600392 0.323737
637633160 -0.870103
637567626 -0.823382
637600394 -0.414382
637633162 -1.18377
637567629 1.74709
637633165 0.379764
637567633 -1.00437
637633169 -0.701651
637567637 -0.332346
637633173 1.16466
637567641 -2.76588
637633177 1.40471
637567645 0.445963
637633181 1.62404
637567757 -0.0432416
637633293 1.1349
637567761 1.40206
637633297 -0.0474388
637567765 -1.99554
637633301 -0.916558
637567769 0.49617
637633305 -1.16268
637567773 -1.88617
637633309 -2.13827
637567885 0.837402
637633421 0.480651
637567889 1.07681
637633425 1.74558
637567893 1.20757
637633429 0.0990989
637567897 0.444158
637633433 -0.651789
637567901 0.625815
637633437 0.460738
637568013 -0.588477
637633549 0.572941
637568017 0.729098
637633553 -1.92288
637568021 -1.08699
637633557 -0.347066
637568025 1.37643
637633561 -0.739965
637568029 0.418815
637633565 -0.0423445
637568141 -0.112735
637633677 1.59329
637568145 -1.24549
637633681 0.747291
637568149 0.624123
637633685 -0.935541
637568153 0.297121
637633689 -0.252735
637568157 -0.0342522
637633693 -0.423548
637568269 0.425647
637633805 -0.432603
637568273 -0.259746
637633809 -0.0134299
637568277 -0.0768615
637633813 -0.0609348
637568281 -0.0985327
637633817 0.941369
637568285 -0.393724
637633821 -0.428999
637568397 -0.562826
637633933 -0.483258
637568401 1.75321
637633937 -0.533829
637568405 1.25266
637633941 0.3577
637568409 -0.784764
637633945 -2.41452
637568413 -1.22171
637633949 -0.379712
637571076 -0.233521
637603844 0.203745
637636612 0.338345
637571078 -0.586473
637603846 0.519724
637636614 1.45127
637571080 0.419939
637603848 0.207568
637636616 -0.166322
637571082 0.250596
637603850 -1.53655
637636618 -2.85664
637571204 -0.851211
637603972 -0.78512
637636740 1.60892
637571206 0.425596
637603974 -1.43831
637636742 0.334489
637571208 -1.36281
637603976 -0.743504
637636744 0.435111
637571210 -0.274392
637603978 -0.612921
637636746 -1.18364
637571332 -0.299487
637604100 0.740852
637636868 -0.683006
637571334 0.479226
637604102 -1.92257
637636870 -0.642974
637571336 0.329728
637604104 0.749166
637636872 -0.720272
637571338 -0.606365
637604106 -0.255276
637636874 -0.487382
637571460 1.45974
637604228 -0.399508
637636996 -0.285086
637571462 -0.452545
637604230 -0.603171
637636998 -1.23277
637571464 -1.55596
637604232 -0.663632
637637000 1.23009
637571466 -0.686342
637604234 0.187968
637637002 1.5477
637571588 -0.320668
637604356 0.0713365
637637124 0.080847
637571590 -0.473357
637604358 -0.455227
637637126 -0.0882046
637571592 1.04585
637604360 -1.44318
637637128 1.28056
637571594 -1.43683
637604362 -0.853817
637637130 0.325592
637571716 0.429255
637604484 -0.743211
637637252 0.654301
637571718 0.749505
637604486 0.227689
637637254 1.80421
637571720 -0.547861
637604488 0.461786
637637256 -1.29956
637571722 -1.44777
637604490 -0.197736
637637258 0.711647
637575172 -1.26653
637607940 -0.246858
637640708 -0.994989
637575174 -0.970746
637607942 1.85567
637640710 0.243302
637575176 -0.394015
637607944 0.0298487
637640712 -1.26646
637575178 -0.0624752
637607946 1.02205
637640714 1.156
637575300 -0.0650447
637608068 -1.31881
637640836 0.272947
637575302 -0.961165
637608070 -0.187588
637640838 -1.26205
637575304 -0.700003
637608072 -0.410254
637640840 0.676855
637575306 -0.356582
637608074 -0.528881
637640842 -1.45843
637575428 -1.03898
637608196 -0.347715
637640964 -2.11253
637575430 -1.16844
637608198 -0.275348
637640966 -1.40084
637575432 0.256655
637608200 0.629932
637640968 -0.977827
637575434 0.095276
637608202 -0.860031
637640970 -0.086312
637575556 1.6304
637608324 0.746742
637641092 -0.419409
637575558 0.0488473
637608326 -0.945486
637641094 0.81301
637575560 -1.63278
637608328 -0.14114
637641096 0.716105
637575562 0.128422
637608330 -0.636131
637641098 0.266987
637575684 -1.23427
637608452 -1.32907
637641220 0.564749
637575686 -0.714982
637608454 0.995722
637641222 0.237413
637575688 0.997742
637608456 -0.807335
637641224 0.901088
637575690 -0.802579
637608458 0.163943
637641226 0.178919
637575812 -1.48938
637608580 0.304896
637641348 1.40521
637575814 -1.66243
637608582 0.156261
637641350 1.11401
637575816 -1.14166
637608584 1.56583
637641352 0.501701
637575818 -0.714655
637608586 1.49328
637641354 0.0335572
637579268 0.0990651
637612036 -0.965146
637644804 0.700364
637579270 0.980238
637612038 -0.387515
637644806 0.0159358
637579272 1.01236
637612040 -1.00485
637644808 -1.59446
637579274 1.01416
637612042 0.691243
637644810 -0.81156
637579396 1.38456
637612164 0.26898
637644932 1.55224
637579398 0.0464717
637612166 0.180753
637644934 0.390376
637579400 -0.0688196
637612168 0.195854
637644936 1.14518
637579402 -0.258503
637612170 -0.0403513
637644938 0.811319
637579524 -0.529
637612292 -1.82294
637645060 0.117818
637579526 -0.372423
637612294 -0.20885
637645062 1.06997
637579528 -0.804738
637612296 -0.361728
637645064 0.0502782
637579530 -1.13928
637612298 -0.839627
637645066 -2.00978
637579652 0.57096
637612420 -1.76622
637645188 0.78045
637579654 -0.890253
637612422 0.885655
637645190 -1.6253
637579656 -1.59091
637612424 -0.379286
637645192 -0.722805
637579658 -0.671654
637612426 -1.814
637645194 0.898036
637579780 0.00622413
637612548 0.164669
637645316 -1.35105
637579782 -0.546754
637612550 0.138255
637645318 -1.82658
637579784 -0.974213
637612552 -0.710888
637645320 0.332744
637579786 0.879575
637612554 -0.43532
637645322 1.28066
637579908 0.991062
637612676 -1.08439
637645444 0.0528179
637579910 0.411649
637612678 -1.078
637645446 0.03186
637579912 -1.28472
637612680 -0.272186
637645448 0.282972
637579914 0.470812
637612682 -0.248178
637645450 0.542087
637583364 0.705148
637616132 -1.43382
637648900 0.0665638
637583366 -0.871754
637616134 -0.564732
637648902 1.67938
637583368 0.79434
637616136 0.256963
637648904 1.48714
637583370 0.933191
637616138 -0.359556
637648906 -0.237114
637583492 -1.0569
637616260 -0.161823
637649028 -0.972891
637583494 -2.032
637616262 -1.59456
637649030 0.619722
637583496 -0.448818
637616264 -1.3387
637649032 0.555007
637583498 -0.996189
637616266 1.48223
637649034 -0.17865
637583620 -0.576427
637616388 -0.578813
637649156 0.297764
637583622 1.5944
637616390 0.547583
637649158 1.99334
637583624 1.31708
637616392 0.154959
637649160 -0.156269
637583626 -0.88665
637616394 0.466158
637649162 -0.634226
637583748 1.68347
637616516 0.365099
637649284 -0.749758
637583750 0.187922
637616518 -0.536751
637649286 0.484069
637583752 0.595691
637616520 -0.56274
637649288 0.0257206
637583754 0.722679
637616522 -0.332115
637649290 0.330106
637583876 -2.1357
637616644 0.837378
637649412 0.379435
637583878 -0.548671
637616646 0.914667
637649414 1.55848
637583880 -0.779262
637616648 -0.398708
637649416 0.22947
637583882 0.312846
637616650 2.15614
637649418 0.783042
637584004 0.433634
637616772 -0.914966
637649540 0.169256
637584006 -1.33019
637616774 -0.877531
637649542 -0.489019
637584008 0.592182
637616776 0.213926
637649544 0.00667885
637584010 1.05161
637616778 0.36991
637649546 0.337202
637587460 0.375795
637620228 -0.790022
637652996 -1.28602
637587462 0.182038
637620230 0.865833
637652998 0.297473
637587464 -0.553215
637620232 -1.07254
637653000 0.121174
637587466 0.395768
637620234 0.276617
637653002 -0.694965
637587588 -0.168724
637620356 1.7536
637653124 0.289798
637587590 -0.920117
637620358 0.483115
637653126 0.136256
637587592 -0.663465
637620360 0.498278
637653128 -0.409799
637587594 -2.10422
637620362 -1.84932
637653130 -0.452533
637587716 -0.758645
637620484 -0.166099
637653252 -0.653861
637587718 -0.951086
637620486 -0.879794
637653254 -0.971198
637587720 0.377639
637620488 -0.217127
637653256 -1.73858
637587722 -0.400012
637620490 -0.393137
637653258 -1.23488
637587844 0.454019
637620612 -0.979003
637653380 -0.542545
637587846 -1.05987
637620614 -1.00167
637653382 0.786252
637587848 1.25653
637620616 -1.04938
637653384 1.06576
637587850 0.533781
637620618 -0.0622548
637653386 0.154129
637587972 -2.41676
637620740 -1.4692
637653508 1.29187
637587974 0.0439831
637620742 -0.516264
637653510 0.292425
637587976 0.397065
637620744 -0.157321
637653512 1.88084
637587978 -1.33345
637620746 0.876187
637653514 1.51776
637588100 -0.159306
637620868 -0.737671
637653636 0.892539
637588102 -0.420159
637620870 -1.77219
637653638 1.36421
637588104 0.876855
637620872 0.407298
637653640 0.637454
637588106 1.24815
637620874 1.5982
637653642 1.19241
637569037 -0.317418
637634573 -0.367965
637569041 0.150101
637634577 0.796072
637569045 2.6541
637634581 -0.0703336
637569049 0.0353101
637634585 1.97387
637569053 -1.06929
637634589 -1.31459
637569165 -1.87156
637634701 0.58474
637569169 1.78634
637634705 -0.477008
637569173 -1.04668
637634709 -0.411046
637569177 0.577957
637634713 -0.513358
637569181 0.310199
637634717 0.596563
637569293 -0.52498
637634829 0.858714
637569297 1.1773
637634833 0.42697
637569301 -0.584921
637634837 -0.894103
637569305 -0.0249608
637634841 -0.30657
637569309 -1.14014
637634845 -1.10628
637569421 1.42573
637634957 -1.47205
637569425 -1.52472
637634961 0.579309
637569429 -0.900418
637634965 -0.501941
637569433 0.556291
637634969 1.54871
637569437 -0.638133
637634973 0.0641596
637569549 -1.41797
637635085 -1.48551
637569553 0.403412
637635089 -1.03545
637569557 -0.831069
637635093 2.16387
637569561 -0.802827
637635097 0.20472
637569565 -0.351878
637635101 0.558631
637569677 -0.743447
637635213 -1.03712
637569681 0.290794
637635217 1.28822
637569685 0.972897
637635221 -0.254294
637569689 1.22898
637635225 -0.527277
637569693 -0.341044
637635229 0.234922
637569805 0.0860247
637635341 0.935475
637569809 -0.1991
637635345 -0.952037
637569813 -0.219196
637635349 -0.549616
637569817 -1.22852
637635353 0.415557
637569821 0.17376
637635357 -0.177026
637569933 1.50489
637635469 2.0286
637569937 0.977666
637635473 -1.21018
637569941 -0.107764
637635477 -1.26192
637569945 0.347697
637635481 -1.15883
637569949 0.435847
637635485 -0.313605
637570061 1.64064
637635597 -0.384456
637570065 -1.17111
637635601 1.36301
637570069 1.23512
637635605 -1.19131
637570073 0.0616098
637635609 1.7073
637570077 0.0416251
637635613 0.315906
637570189 0.0554926
637635725 0.374178
637570193 -0.592484
637635729 1.97584
637570197 0.102842
637635733 -0.643957
637570201 1.2907
637635737 0.36559
637570205 0.159303
637635741 -0.163397
637570317 0.952238
637635853 0.427784
637570321 0.910475
637635857 -0.736225
637570325 0.237574
637635861 -0.250011
637570329 0.00654817
637635865 -0.0681179
637570333 -0.785333
637635869 0.0426995
637570445 -0.273467
637635981 -0.335572
637570449 -1.26382
637635985 0.768833
637570453 -0.940959
637635989 0.631958
637570457 -1.10259
637635993 1.04042
637570461 -0.500777
637635997 1.28582
637567012 0.442682
637599780 -0.538817
637632548 0.076971
637567014 1.3663
637599782 -0.599369
637632550 0.363312
637567016 0.899587
637599784 -0.421751
637632552 1.13622
637567018 0.441312
637599786 -0.691092
637632554 -1.35027
637567021 -0.131238
637632557 -0.156952
637567025 0.046438
637599793 -0.300623
637632561 -0.678362
637567029 0.0740516
637599797 -0.224641
637632565 0.383531
637567033 0.474677
637599801 0.291855
637632569 -1.41309
637567037 0.08764
637632573 -0.745123
637567140 0.847498
637599908 1.717
637632676 -0.631185
637567142 -0.428828
637599910 1.5162
637632678 -1.09661
637567144 0.575622
637599912 -0.20289
637632680 0.757128
637567146 -0.272535
637599914 0.656029
637632682 0.390262
637567149 0.312793
637632685 -0.644292
637567153 -0.208186
637599921 1.71352
637632689 -0.172608
637567157 0.831183
637599925 -0.955464
637632693 -0.359901
637567161 0.551628
637599929 0.542907
637632697 -1.42457
637567165 -0.278749
637632701 0.714683
637567268 -1.28962
637600036 -0.879151
637632804 1.44709
637567270 2.25677
637600038 -0.707542
637632806 -0.80321
637567272 0.871143
637600040 -1.61484
637632808 0.547124
637567274 -0.676962
637600042 -1.02959
637632810 -0.704064
637567277 0.819986
637632813 1.37864
637567281 0.211794
637600049 0.442604
637632817 -0.990927
637567285 1.41139
637600053 -0.438898
637632821 0.479256
637567289 -0.00279859
637600057 -0.0568223
637632825 -0.612705
637567293 0.721998
637632829 -0.573407
637567396 0.383152
637600164 0.633961
637632932 -0.227065
637567398 1.22851
637600166 0.365487
637632934 -0.192518
637567400 -0.59368
637600168 -0.199352
637632936 0.072678
637567402 -0.928812
637600170 -0.34429
637632938 -1.01765
637567405 -1.07897
637632941 1.58101
637567409 1.82168
637600177 -0.603524
637632945 -1.28723
637567413 -0.648099
637600181 0.169377
637632949 -0.565626
637567417 -2.13225
637600185 -0.184902
637632953 0.22064
637567421 -0.968222
637632957 -1.62386
637567524 -0.265538
637600292 1.28713
637633060 -1.42418
637567526 -0.0282575
637600294 -0.45569
637633062 -0.0272669
637567528 1.34275
637600296 1.34496
637633064 -0.0014052
637567530 -0.015639
637600298 1.51931
637633066 0.642798
637567533 -1.23931
637633069 -0.518075
637567537 1.68261
637600305 0.165082
637633073 -0.0326171
637567541 -0.206732
637600309 -1.65727
637633077 1.63957
637567545 0.759204
637600313 1.37364
637633081 -0.955994
637567549 0.117875
637633085 0.184371
637567652 -1.91796
637600420 1.4898
637633188 0.212475
637567654 1.53701
637600422 -0.273374
637633190 0.773487
637567656 -1.11083
637600424 -1.30901
637633192 -1.13064
637567658 1.62385
637600426 -0.79636
637633194 -1.15623
637567661 0.322156
637633197 -1.2646
637567665 -1.52055
637600433 -0.475048
637633201 -0.292103
637567669 1.53216
637600437 -1.37542
637633205 1.08868
637567673 0.740384
637600441 -0.532753
637633209 2.38542
637567677 -0.262312
637633213 -1.50896
637567789 0.121848
637633325 -0.425662
637567793 -0.130703
637600561 -0.499435
637633329 0.317647
637567797 0.772647
637600565 -1.37194
637633333 -0.704332
637567801 0.9044
637600569 1.0729
637633337 0.343731
637567805 0.103966
637633341 -0.125739
637567917 0.371855
637633453 -1.54024
637567921 -0.889622
637600689 -0.252098
637633457 -0.508429
637567925 0.0708044
637600693 0.521991
637633461 -1.7112
637567929 0.256681
637600697 0.825522
637633465 -1.49198
637567933 0.988912
637633469 0.716394
637568045 0.398547
637633581 0.902589
637568049 0.487478
637600817 -0.66229
637633585 -0.374168
637568053 -0.227986
637600821 -0.940378
637633589 -0.666814
637568057 0.159789
637600825 0.644384
637633593 -0.071772
637568061 0.021103
637633597 -0.980105
637568173 -0.0236742
637633709 0.0445057
637568177 1.50246
637600945 0.771928
637633713 -0.484405
637568181 -0.458928
637600949 0.275802
637633717 1.09227
637568185 0.904695
637600953 0.338507
637633721 0.617261
637568189 2.15674
637633725 0.647934
637568301 0.0944275
637633837 0.483162
637568305 -1.04067
637601073 -0.479874
637633841 -0.322783
637568309 0.278795
637601077 1.48357
637633845 0.780949
637568313 1.70176
637601081 -0.0928408
637633849 0.158911
637568317 -0.427879
637633853 0.419689
637568429 1.36846
637633965 0.344529
637568433 -0.510378
637601201 -0.495013
637633969 -0.5728
637568437 -0.235663
637601205 -1.61565
637633973 -0.529702
637568441 2.13443
637601209 0.104864
637633977 1.08503
637568445 -1.1304
637633981 -0.209505
637571108 0.88369
637603876 -0.311744
637636644 -1.38823
637571110 2.20355
637603878 -0.206941
637636646 0.598089
637571112 0.3201
637603880 -0.689515
637636648 -2.14713
637571114 -0.962225
637603882 0.243375
637636650 0.190349
637571236 -1.44018
637604004 0.190784
637636772 1.05976
637571238 -0.0864386
637604006 -0.828502
637636774 0.0972453
637571240 -0.809813
637604008 -1.89361
637636776 1.3152
637571242 0.127846
637604010 -0.611389
637636778 -0.693517
637571364 0.657791
637604132 -0.508643
637636900 -0.623521
637571366 -0.392973
637604134 -0.401335
637636902 0.247371
637571368 -1.54158
637604136 -0.831061
637636904 0.868931
637571370 -1.4529
637604138 0.044979
637636906 0.81993
637571492 -0.24992
637604260 -0.233275
637637028 -0.645048
637571494 -2.69631
637604262 2.23462
637637030 -0.326237
637571496 -1.79104
637604264 1.72575
637637032 -1.63789
637571498 1.70588
637604266 -0.298983
637637034 -0.393177
637571620 1.7142
637604388 0.730442
637637156 -0.957877
637571622 0.483625
637604390 -1.4377
637637158 2.09821
637571624 -1.0073
637604392 1.4453
637637160 -0.753835
637571626 0.737102
637604394 -1.16344
637637162 0.241226
637571748 0.311659
637604516 0.51231
637637284 -1.11133
637571750 -1.40499
637604518 -1.01748
637637286 0.71095
637571752 0.368884
637604520 -0.408656
637637288 -1.1899
637571754 -1.7165
637604522 -1.96856
637637290 -0.225279
637575204 -1.67866
637607972 -1.08195
637640740 0.842748
637575206 1.17289
637607974 -0.464212
637640742 2.26546
637575208 -1.24333
637607976 -1.28842
637640744 -0.0608341
637575210 -1.55263
637607978 -2.57471
637640746 0.465341
637575332 0.176737
637608100 0.552465
637640868 -0.274407
637575334 2.04828
637608102 2.5143
637640870 2.19022
637575336 -0.687227
637608104 -1.53272
637640872 -0.640808
637575338 -0.593226
637608106 0.0520773
637640874 0.113117
637575460 0.675166
637608228 -1.17598
637640996 -0.711248
637575462 -0.833493
637608230 0.276699
637640998 0.77594
637575464 -1.1225
637608232 -1.2592
637641000 -0.556053
637575466 -0.996185
637608234 -1.26698
637641002 1.09033
637575588 1.42777
637608356 -1.85706
637641124 0.492057
637575590 0.123955
637608358 0.925385
637641126 2.40671
637575592 0.791666
637608360 -0.651558
637641128 -0.00215377
637575594 0.432964
637608362 -0.324753
637641130 -0.341381
637575716 2.04304
637608484 -1.21655
637641252 1.47949
637575718 1.34307
637608486 -0.0777325
637641254 -1.39488
637575720 0.118425
637608488 1.35718
637641256 0.339559
637575722 1.67997
637608490 0.692342
637641258 -0.961152
637575844 -1.32034
637608612 0.470512
637641380 -0.567644
637575846 -0.771151
637608614 -0.753108
637641382 -2.01018
637575848 0.0188115
637608616 -0.789831
637641384 -0.235234
637575850 0.29525
637608618 0.135449
637641386 -0.824701
637579300 -0.557464
637612068 -0.336874
637644836 0.349341
637579302 -0.574263
637612070 0.0937999
637644838 -0.260617
637579304 -0.102345
637612072 1.65502
637644840 -1.56114
637579306 0.934635
637612074 -0.184111
637644842 1.23988
637579428 -1.17772
637612196 0.864805
637644964 0.983351
637579430 -0.830243
637612198 0.0677282
637644966 -0.000797429
637579432 0.601282
637612200 -0.452742
637644968 -1.0091
637579434 0.241821
637612202 0.871895
637644970 1.0207
637579556 0.620943
637612324 1.89466
637645092 -0.214558
637579558 1.3261
637612326 0.81337
637645094 1.00738
637579560 0.383855
637612328 -0.459404
637645096 0.453702
637579562 -0.284977
637612330 -0.491129
637645098 -0.843736
637579684 0.179048
637612452 1.41728
637645220 -0.956294
637579686 0.579634
637612454 0.222452
637645222 0.358087
637579688 -0.440233
637612456 -1.58105
637645224 1.05338
637579690 1.11416
637612458 0.507845
637645226 -0.195665
637579812 0.759269
637612580 0.400237
637645348 -0.558183
637579814 0.564237
637612582 1.11584
637645350 0.300534
637579816 -1.27111
637612584 -0.60402
637645352 -0.292818
637579818 0.176005
637612586 0.0760339
637645354 -1.23997
637579940 1.61012
637612708 -0.372282
637645476 0.757509
637579942 -2.03553
637612710 0.815376
637645478 -0.236048
637579944 -0.030036
637612712 -1.70955
637645480 -0.771933
637579946 0.400905
637612714 0.0157642
637645482 1.30814
637583396 0.285315
637616164 0.220051
637648932 1.07176
637583398 -0.552515
637616166 0.340338
637648934 -0.14072
637583400 -0.882347
637616168 -0.47037
637648936 -2.2846
637583402 -0.466545
637616170 2.75008
637648938 0.449083
637583524 -0.488869
637616292 -1.00324
637649060 -0.203671
637583526 1.52644
637616294 0.0972537
637649062 2.56049
637583528 1.14176
637616296 -1.72348
637649064 -1.26747
637583530 -0.280683
637616298 1.83385
637649066 0.664571
637583652 -1.48621
637616420 0.354928
637649188 -0.14939
637583654 1.16669
637616422 -1.40034
637649190 0.836495
637583656 0.623327
637616424 1.29989
637649192 -0.359236
637583658 1.66946
637616426 -1.29051
637649194 0.270529
637583780 -0.143222
637616548 -1.8764
637649316 -1.11335
637583782 0.570156
637616550 -0.574966
637649318 1.58054
637583784 -1.43014
637616552 0.017053
637649320 -1.00296
637583786 -0.198486
637616554 0.111789
637649322 -1.11329
637583908 -0.942724
637616676 -2.08732
637649444 0.0188506
637583910 0.453058
637616678 0.347368
637649446 -0.0144129
637583912 -0.34129
637616680 0.236387
637649448 0.497386
637583914 -0.0589214
637616682 0.495756
637649450 -0.098017
637584036 0.75453
637616804 -0.158159
637649572 -0.401191
637584038 -1.59377
637616806 1.68923
637649574 0.83381
637584040 -0.388141
637616808 0.161475
637649576 -0.333738
637584042 0.896901
637616810 -0.266263
637649578 -1.78903
637587492 -2.19347
637620260 -0.2685
637653028 0.455869
637587494 -0.764189
637620262 -0.739472
637653030 0.288495
637587496 -1.08933
637620264 -0.430233
637653032 0.471239
637587498 2.70277
637620266 -1.15967
637653034 -1.79501
637587620 -2.07576
637620388 0.862221
637653156 1.73926
637587622 -0.365513
637620390 0.214682
637653158 0.964723
637587624 -0.134604
637620392 0.305509
637653160 0.597245
637587626 -0.867155
637620394 0.0563174
637653162 0.153615
637587748 1.51957
637620516 0.281311
637653284 -0.82079
637587750 -1.99293
637620518 -0.100462
637653286 0.615288
637587752 0.43346
637620520 0.259421
637653288 -0.213317
637587754 -1.10062
637620522 0.226866
637653290 0.686942
637587876 -0.646659
637620644 1.60821
637653412 1.20255
637587878 -0.631305
637620646 0.491258
637653414 -0.0898277
637587880 -0.330152
637620648 0.433416
637653416 -1.24358
637587882 -0.00379225
637620650 0.0602776
637653418 -0.296818
637588004 -1.85459
637620772 0.016391
637653540 -0.305643
637588006 -1.89451
637620774 1.39957
637653542 -1.09829
637588008 -0.796209
637620776 -1.09603
637653544 0.0784682
637588010 -1.06093
637620778 -0.503209
637653546 0.769782
637588132 -1.17385
637620900 0.22796
637653668 0.642875
637588134 0.0928368
637620902 0.176051
637653670 -0.980558
637588136 0.866101
637620904 -0.189472
637653672 0.479337
637588138 1.07874
637620906 0.353141
637653674 -0.255746
637569069 -0.0767714
637601837 1.0135
637634605 -0.639799
637569073 0.584487
637634609 0.128096
637569077 -0.640972
637634613 0.420209
637569081 0.113086
637634617 -0.925782
637569085 0.835217
637601853 1.70342
637634621 1.31461
637569197 1.9172
637601965 -1.38858
637634733 0.28879
637569201 0.244816
637634737 1.5836
637569205 -1.5275
637634741 -0.274468
637569209 -0.79566
637634745 -0.668904
637569213 -0.145559
637601981 1.15779
637634749 -1.01025
637569325 1.10991
637602093 -0.514199
637634861 -0.197393
637569329 -1.2188
637634865 -0.326856
637569333 0.0313063
637634869 0.201526
637569337 -0.0449577
637634873 -2.32062
637569341 -1.51755
637602109 -0.798076
637634877 1.77113
637569453 -0.801462
637602221 -0.611172
637634989 0.858059
637569457 -0.785022
637634993 -0.770521
637569461 -0.271257
637634997 -2.36992
637569465 -0.0112974
637635001 0.491346
637569469 -0.436887
637602237 -1.59802
637635005 -1.14523
637569581 -1.14798
637602349 0.75475
637635117 -0.610673
637569585 1.99721
637635121 0.857468
637569589 -0.744725
637635125 0.126743
637569593 0.109514
637635129 -0.363684
637569597 -0.320587
637602365 0.186757
637635133 1.73283
637569709 1.22522
637602477 1.01332
637635245 1.25308
637569713 -0.0460887
637635249 -2.96688
637569717 0.127534
637635253 -0.668513
637569721 -0.409256
637635257 0.071984
637569725 0.844099
637602493 -2.56217
637635261 0.190787
637569837 1.41612
637602605 0.904577
637635373 0.305968
637569841 -0.177152
637635377 0.310336
637569845 0.419268
637635381 0.908623
637569849 -0.0993547
637635385 0.341441
637569853 -1.45578
637602621 -0.542304
637635389 1.07818
637569965 -1.11622
637602733 0.520983
637635501 -0.514205
637569969 0.191037
637635505 -0.720932
637569973 0.60561
637635509 -0.779716
637569977 -1.08983
637635513 0.729547
637569981 -0.0263498
637602749 -0.0290254
637635517 1.02576
637570093 -0.117031
637602861 -1.71596
637635629 0.207182
637570097 -0.255888
637635633 1.23454
637570101 0.176167
637635637 0.606739
637570105 0.167559
637635641 -1.04759
637570109 -1.26913
637602877 -0.433686
637635645 0.955163
637570221 1.25893
637602989 -0.0836528
637635757 -0.442233
637570225 1.68532
637635761 1.09413
637570229 0.830957
637635765 0.284282
637570233 -0.297438
637635769 -1.5407
637570237 1.23404
637603005 0.275321
637635773 0.822483
637570349 1.38283
637603117 1.13983
637635885 -1.122
637570353 0.278208
637635889 0.505237
637570357 0.322969
637635893 -0.198116
637570361 0.882627
637635897 -0.0812751
637570365 -0.177588
637603133 -0.0904688
637635901 0.376001
637570477 0.899923
637603245 -0.815665
637636013 1.03735
637570481 0.159855
637636017 -2.59936
637570485 -0.570208
637636021 0.875149
637570489 -0.734601
637636025 1.32427
637570493 1.6185
637603261 -0.620743
637636029 -0.399876
637567044 -0.722459
637599812 -1.43922
637632580 -0.230821
637567046 1.97064
637599814 1.11685
637632582 -0.336874
637567048 -0.039085
637599816 -1.70591
637632584 -1.5542
637567050 -0.212857
637599818 1.83656
637632586 0.557356
637567053 0.0353926
637632589 1.76248
637567057 -0.295993
637632593 -0.778558
637567061 0.728046
637632597 -1.33285
637567065 -1.94345
637632601 -0.58967
637567069 0.796828
637632605 -0.112199
637567172 0.0338017
637599940 0.637665
637632708 -0.483163
637567174 -1.2945
637599942 1.2081
637632710 -1.59678
637567176 -0.574849
637599944 -0.39338
637632712 1.84108
637567178 1.60836
637599946 0.554849
637632714 -1.3501
637567181 1.64893
637632717 -0.583585
637567185 0.0757563
637632721 0.0537643
637567189 0.0493878
637632725 0.882527
637567193 -0.276381
637632729 -0.0698227
637567197 1.85226
637632733 -0.333956
637567300 -1.20556
637600068 0.227782
637632836 0.0416941
637567302 0.380987
637600070 0.0426544
637632838 0.626543
637567304 -0.117301
637600072 -1.2622
637632840 -0.355842
637567306 0.645215
637600074 0.493044
637632842 0.385196
637567309 -0.713233
637632845 -1.14877
637567313 -0.372616
637632849 -0.822008
637567317 -0.559928
637632853 0.678878
637567321 0.685615
637632857 1.36536
637567325 0.248415
637632861 0.160689
637567428 -1.18649
637600196 0.475839
637632964 -0.124369
637567430 -0.682705
637600198 -1.27617
637632966 0.633817
637567432 0.981815
637600200 -0.0718962
637632968 0.914673
637567434 -0.348128
637600202 -1.45167
637632970 0.986077
637567437 1.21406
637632973 1.65104
637567441 -0.654826
637632977 -0.320645
637567445 0.0370302
637632981 -0.138321
637567449 1.50891
637632985 0.0393116
637567453 -1.2474
637632989 0.327582
637567556 -0.476659
637600324 1.92261
637633092 -0.392438
637567558 0.721322
637600326 -1.19617
637633094 0.1429
637567560 -0.38405
637600328 1.59529
637633096 -1.4863
637567562 0.468291
637600330 1.11731
637633098 0.232903
637567565 1.59159
637633101 -0.756845
637567569 -0.331775
637633105 0.483098
637567573 -0.53623
637633109 -1.28814
637567577 -1.55986
637633113 -0.943015
637567581 0.846038
637633117 0.197952
637567684 0.739945
637600452 -0.42989
637633220 1.08468
637567686 -2.25488
637600454 0.334082
637633222 0.754797
637567688 0.625363
637600456 -0.392148
637633224 -1.19773
637567690 -0.0589698
637600458 -0.506785
637633226 1.44927
637567693 1.12923
637633229 0.432771
637567697 -0.854758
637633233 -0.395781
637567701 -2.90332
637633237 -1.83635
637567705 -0.550213
637633241 0.912869
637567709 -0.152906
637633245 0.792911
637567821 -0.302987
637633357 -1.57036
637567825 0.0873491
637633361 1.65617
637567829 2.59351
637633365 -0.906302
637567833 -0.85789
637633369 -0.00938842
637567837 0.167394
637633373 -1.12178
637567949 -0.23623
637633485 0.410002
637567953 0.712899
637633489 0.0395156
637567957 0.0696316
637633493 1.20845
637567961 1.43796
637633497 -1.10029
637567965 -1.33838
637633501 -0.160118
637568077 0.522194
637633613 -1.43754
637568081 0.836564
637633617 0.0708055
637568085 0.83986
637633621 0.321789
637568089 0.398226
637633625 -0.876429
637568093 -0.572613
637633629 0.426882
637568205 -0.901291
637633741 -1.18129
637568209 -0.535228
637633745 -0.174428
637568213 0.77652
637633749 -0.194889
637568217 0.858175
637633753 -0.079584
637568221 -1.51095
637633757 0.710152
637568333 -0.34446
637633869 0.601901
637568337 0.0821937
637633873 -0.668405
637568341 0.839715
637633877 0.421713
637568345 0.650233
637633881 -0.175923
637568349 -0.322982
637633885 0.211483
637568461 -0.599483
637633997 -0.721993
637568465 0.381177
637634001 -2.22433
637568469 1.04578
637634005 0.431618
637568473 0.773665
637634009 0.282164
637568477 -1.25179
637634013 1.49202
637571140 1.93855
637603908 1.9475
637636676 0.476375
637571142 -0.0954665
637603910 -1.11037
637636678 0.721675
637571144 -1.5935
637603912 1.81098
637636680 -0.22524
637571146 -0.370558
637603914 1.16893
637636682 0.16443
637571149 -0.508199
637636685 0.825726
637571153 1.83316
637636689 -1.80187
637571157 -1.38395
637636693 -0.437208
637571161 0.289892
637636697 -1.05706
637571165 1.39763
637636701 0.587079
637571268 -0.786567
637604036 -1.13963
637636804 0.31619
637571270 -0.427162
637604038 -0.559412
637636806 -0.700298
637571272 0.304322
637604040 -1.0417
637636808 1.06562
637571274 -1.11398
637604042 -0.305377
637636810 0.476814
637571277 -1.59048
637636813 0.947573
637571281 -0.724332
637636817 -0.183109
637571285 -1.72654
637636821 0.256512
637571289 -0.227989
637636825 -0.0798479
637571293 -1.46813
637636829 0.420733
637571396 0.286261
637604164 0.448551
637636932 -0.204972
637571398 1.12327
637604166 -0.0840924
637636934 1.32186
637571400 -0.142857
637604168 0.837716
637636936 0.101886
637571402 1.78103
637604170 1.91894
637636938 -0.848351
637571405 -0.247636
637636941 0.223437
637571409 0.434994
637636945 0.487647
637571413 0.782096
637636949 -1.67522
637571417 1.80612
637636953 2.16781
637571421 0.0560398
637636957 0.888901
637571524 -0.291436
637604292 -0.313977
637637060 -1.08914
637571526 1.83995
637604294 0.324845
637637062 0.878632
637571528 0.954685
637604296 -1.29867
637637064 0.196479
637571530 0.150873
637604298 0.214461
637637066 0.944886
637571533 -1.85915
637637069 0.286008
637571537 0.789048
637637073 0.429776
637571541 1.5323
637637077 -1.01707
637571545 -1.63608
637637081 -2.18784
637571549 -0.730868
637637085 0.187365
637571652 -0.966269
637604420 1.52388
637637188 0.377684
637571654 -1.87206
637604422 1.35572
637637190 -0.515402
637571656 0.73203
637604424 -0.775415
637637192 -0.781175
637571658 1.67677
637604426 -0.750578
637637194 -0.405647
637571661 1.72466
637637197 0.0278437
637571665 0.0357324
637637201 0.0808737
637571669 -0.676859
637637205 0.667568
637571673 -1.98591
637637209 0.893969
637571677 0.109467
637637213 0.313861
637571780 2.05
637604548 -0.721708
637637316 0.459621
637571782 0.908942
637604550 0.259207
637637318 -0.752867
637571784 -0.812558
637604552 0.102027
637637320 -1.50789
637571786 0.133936
637604554 0.44481
637637322 0.126056
637571789 0.48122
637637325 -0.356731
637571793 0.267773
637637329 1.02866
637571797 -0.988575
637637333 -0.618193
637571801 -0.336119
637637337 -1.92389
637571805 -1.31062
637637341 -0.670231
637571917 0.572266
637637453 4.02127
637571921 0.901528
637637457 0.347796
637571925 2.61239
637637461 1.23482
637571929 -0.405155
637637465 0.345829
637571933 -0.245603
637637469 -1.07865
637572045 -0.345378
637637581 -1.43896
637572049 0.843572
637637585 -1.29611
637572053 -0.667123
637637589 0.44623
637572057 0.412745
637637593 0.438541
637572061 0.312391
637637597 -0.0740236
637572173 1.24925
637637709 1.65957
637572177 0.822059
637637713 0.132459
637572181 -1.09961
637637717 -1.34119
637572185 -0.376208
637637721 0.317598
637572189 0.128077
637637725 1.20852
637572301 0.981141
637637837 0.373067
637572305 -0.621074
637637841 0.863997
637572309 -1.69438
637637845 1.22042
637572313 0.00380448
637637849 -0.45937
637572317 0.439705
637637853 -1.34774
637572429 0.222701
637637965 -1.19888
637572433 1.04742
637637969 -0.662128
637572437 0.119897
637637973 -0.478206
637572441 -0.694694
637637977 -0.904131
637572445 0.251152
637637981 -1.21727
637572557 -0.0118595
637638093 -0.224139
637572561 0.73095
637638097 -1.00899
637572565 1.1982
637638101 -0.485504
637572569 -0.429796
637638105 0.62525
637572573 -0.209374
637638109 -0.520468
637575236 1.79773
637608004 0.37382
637640772 0.393476
637575238 2.09271
637608006 -1.06447
637640774 0.560005
637575240 0.16239
637608008 2.07205
637640776 -0.871089
637575242 1.29513
637608010 -0.24461
637640778 -0.219464
637575364 -0.465202
637608132 -0.465746
637640900 0.213627
637575366 -0.382917
637608134 1.16481
637640902 -0.537437
637575368 -0.513454
637608136 0.231835
637640904 -0.937759
637575370 -2.48963
637608138 1.0731
637640906 1.14291
637575492 -1.87933
637608260 -1.47982
637641028 0.861785
637575494 0.410502
637608262 0.754264
637641030 1.34737
637575496 1.95834
637608264 -0.336672
637641032 1.11488
637575498 -1.13376
637608266 -0.388075
637641034 0.542095
637575620 1.20612
637608388 0.253263
637641156 -0.745593
637575622 -0.137559
637608390 -1.37594
637641158 -1.80927
637575624 0.402963
637608392 1.49332
637641160 1.04423
637575626 2.44589
637608394 0.372032
637641162 0.661997
637575748 0.113678
637608516 -0.168922
637641284 -0.739622
637575750 0.281159
637608518 0.425189
637641286 -1.38628
637575752 0.689886
637608520 -0.970573
637641288 -1.57951
637575754 1.06596
637608522 0.454283
637641290 -1.34543
637575876 2.22601
637608644 0.560815
637641412 -0.531801
637575878 0.927502
637608646 0.730155
637641414 0.059445
637575880 -0.237194
637608648 1.05406
637641416 0.00821705
637575882 -1.38247
637608650 0.369154
637641418 -1.22711
637579332 -1.19975
637612100 -0.812803
637644868 -1.48858
637579334 -0.667343
637612102 0.15753
637644870 0.596015
637579336 -0.72001
637612104 0.231126
637644872 1.1335
637579338 -0.417728
637612106 0.999011
637644874 1.69912
637579460 -2.24622
637612228 -2.96914
637644996 0.338005
637579462 0.67739
637612230 -0.435716
637644998 0.811212
637579464 1.1073
637612232 2.0791
637645000 -0.0802859
637579466 2.20692
637612234 0.799811
637645002 1.62571
637579588 0.282014
637612356 0.559643
637645124 -0.85976
637579590 1.64176
637612358 -0.800127
637645126 1.15202
637579592 -0.886572
637612360 0.545552
637645128 0.623802
637579594 0.489742
637612362 -0.0107705
637645130 1.21677
637579716 -0.774166
637612484 -2.69664
637645252 -0.22887
637579718 0.452506
637612486 1.2456
637645254 0.0830638
637579720 -0.568995
637612488 -0.131222
637645256 -2.55425
637579722 -0.617446
637612490 -0.728585
637645258 1.65761
637579844 -0.586578
637612612 0.121983
637645380 -0.780639
637579846 -1.37116
637612614 0.16202
637645382 0.121199
637579848 0.000851082
637612616 0.306476
637645384 -1.63119
637579850 -0.128254
637612618 -0.415352
637645386 -0.771997
637579972 -1.57081
637612740 -0.200285
637645508 -1.98225
637579974 -0.920242
637612742 -1.01512
637645510 -0.549501
637579976 -0.330271
637612744 0.976138
637645512 -0.215351
637579978 0.774557
637612746 -0.0592126
637645514 -0.418229
637583428 1.06704
637616196 0.827677
637648964 -0.712364
637583430 -0.331907
637616198 -0.0961451
637648966 1.00143
637583432 -0.35401
637616200 -0.759214
637648968 -0.217563
637583434 0.749309
637616202 0.988566
637648970 0.806777
637583556 1.33613
637616324 0.826612
637649092 -0.630323
637583558 -0.0953157
637616326 -0.983689
637649094 0.247318
637583560 -1.47863
637616328 0.0398426
637649096 -0.191106
637583562 -1.12125
637616330 0.499312
637649098 0.355691
637583684 -0.353565
637616452 1.7217
637649220 0.149777
637583686 0.0908784
637616454 -0.606958
637649222 -1.08327
637583688 0.522187
637616456 0.269043
637649224 0.593552
637583690 -0.0708672
637616458 -1.66963
637649226 -0.601636
637583812 0.975596
637616580 -1.43082
637649348 -0.296267
637583814 0.0640535
637616582 0.597656
637649350 0.774375
637583816 0.343901
637616584 0.732585
637649352 0.102686
637583818 1.69339
637616586 -2.09206
637649354 -0.197219
637583940 -0.274919
637616708 1.26571
637649476 -0.497948
637583942 -0.318897
637616710 -0.052574
637649478 0.625591
637583944 0.938023
637616712 -0.203762
637649480 1.18672
637583946 -1.48192
637616714 -0.40056
637649482 -0.970296
637584068 -1.48513
637616836 -0.548108
637649604 0.55629
637584070 0.778147
637616838 -0.302332
637649606 -0.0595481
637584072 -1.01782
637616840 0.80121
637649608 1.51595
637584074 -1.11389
637616842 -1.51069
637649610 0.425157
637587524 -0.710127
637620292 0.772098
637653060 1.94774
637587526 -0.412865
637620294 -0.44813
637653062 -0.141108
637587528 0.0447452
637620296 -0.936348
637653064 -0.188523
637587530 0.401352
637620298 0.659049
637653066 1.15338
637587652 1.84735
637620420 -0.357599
637653188 0.91533
637587654 -0.342815
637620422 1.31887
637653190 2.29291
637587656 0.701368
637620424 -0.384813
637653192 1.47092
637587658 -1.03684
637620426 -1.69544
637653194 0.408988
637587780 -0.175228
637620548 0.148126
637653316 -1.64682
637587782 -0.114137
637620550 -0.772516
637653318 -0.0152728
637587784 -0.00847992
637620552 0.418705
637653320 0.0582214
637587786 -1.2643
637620554 -1.40058
637653322 -0.972836
637587908 1.00283
637620676 0.166141
637653444 1.22238
637587910 1.03666
637620678 0.146923
637653446 -0.500387
637587912 -0.374743
637620680 1.34473
637653448 -1.26407
637587914 -1.04237
637620682 0.553058
637653450 -1.26066
637588036 0.0707039
637620804 -1.48664
637653572 0.0395383
637588038 -0.115666
637620806 0.631157
637653574 -0.663914
637588040 0.732362
637620808 -1.9071
637653576 1.37726
637588042 0.931617
637620810 -0.814417
637653578 -0.273072
637588164 0.286026
637620932 -0.712017
637653700 0.611555
637588166 -0.0448879
637620934 1.58988
637653702 0.525483
637588168 -0.0867318
637620936 0.776978
637653704 -0.445599
637588170 0.89393
637620938 1.49897
637653706 1.64461
637567085 2.05652
637632621 -0.981263
637567089 0.560947
637632625 -1.4303
637567093 -1.07587
637632629 0.391686
637567097 -0.247351
637632633 -1.73891
637567101 -0.674629
637632637 -0.754605
637567213 -1.01942
637632749 -1.27649
637567217 -1.55153
637632753 -1.6472
637567221 0.338352
637632757 -0.0995283
637567225 -0.171626
637632761 0.771933
637567229 1.32993
637632765 0.970551
637567341 -0.315834
637632877 -0.773979
637567345 0.391098
637632881 -0.246709
637567349 0.671166
637632885 -0.240432
637567353 0.740651
637632889 -0.268563
637567357 -0.76386
637632893 -0.18211
637567469 -1.04994
637633005 1.55415
637567473 0.85512
637633009 0.485461
637567477 -1.27011
637633013 0.396723
637567481 -0.852701
637633017 -1.58717
637567485 0.531964
637633021 -1.54678
637567597 1.77171
637633133 3.06015
637567601 0.318214
637633137 -0.764265
637567605 2.47933
637633141 -1.18724
637567609 0.998451
637633145 0.429354
637567613 1.63661
637633149 -0.341095
637567725 0.891135
637633261 1.01996
637567729 -0.398575
637633265 -0.407715
637567733 1.76314
637633269 0.354906
637567737 -0.397122
637633273 0.414262
637567741 -1.16797
637633277 0.606431
637567853 -0.164475
637633389 -1.87959
637567857 -2.00289
637633393 -1.85312
637567861 -0.818493
637633397 -0.466071
637567865 -0.20874
637633401 0.554066
637567869 1.44697
637633405 1.11715
637567981 0.295665
637633517 0.539469
637567985 -1.28172
637633521 -1.44172
637567989 -0.972419
637633525 0.7983
637567993 -0.88073
637633529 -0.222109
637567997 -0.249106
637633533 -0.508816
637568109 0.298177
637633645 0.188517
637568113 0.842539
637633649 0.704257
637568117 0.960894
637633653 -0.575522
637568121 0.0213173
637633657 0.934324
637568125 -0.523612
637633661 -0.471531
637568237 1.26498
637633773 0.34568
637568241 0.282392
637633777 -0.828635
637568245 0.837734
637633781 0.00598578
637568249 -1.74298
637633785 1.96634
637568253 -0.0483916
637633789 0.630558
637568365 0.476226
637633901 0.90886
637568369 1.39978
637633905 -0.724123
637568373 0.0880075
637633909 0.134526
637568377 -1.16535
637633913 0.674005
637568381 -0.154845
637633917 1.30926
637568493 -0.471986
637634029 -2.09391
637568497 0.200582
637634033 0.235183
637568501 0.196273
637634037 0.934577
637568505 -0.993966
637634041 -0.788429
637568509 0.105491
637634045 -0.157877
637571181 0.873501
637636717 0.757476
637571185 -0.516381
637636721 1.40242
637571189 0.325916
637636725 -1.47886
637571193 -0.424775
637636729 -0.462017
637571197 -0.933301
637636733 1.84002
637571309 0.215257
637636845 0.875205
637571313 1.1464
637636849 1.59645
637571317 2.0812
637636853 -0.424546
637571321 -0.529004
637636857 0.178019
637571325 0.452505
637636861 0.268368
637571437 -0.975055
637636973 1.31571
637571441 0.562576
637636977 -0.88945
637571445 0.0682209
637636981 -2.19579
637571449 -1.23711
637636985 0.43973
637571453 0.145229
637636989 0.0488026
637571565 1.57435
637637101 0.511658
637571569 0.327237
637637105 0.0349187
637571573 -0.220735
637637109 -0.544172
637571577 -1.32815
637637113 -0.391342
637571581 -1.98165
637637117 -0.056933
637571693 0.877058
637637229 -1.13007
637571697 -1.06777
637637233 -0.658382
637571701 0.0142456
637637237 0.0965984
637571705 0.692595
637637241 -0.443136
637571709 0.547041
637637245 1.52272
637571821 -0.870465
637637357 -0.355175
637571825 -1.84306
637637361 1.71724
637571829 2.08058
637637365 0.288776
637571833 -0.431266
637637369 0.897945
637571837 -1.67575
637637373 0.984701
637571949 0.435162
637637485 0.107142
637571953 0.0270988
637637489 -0.422858
637571957 -2.25383
637637493 0.366195
637571961 1.5746
637637497 1.66424
637571965 -0.694701
637637501 -0.18034
637572077 -1.5643
637637613 0.824114
637572081 -0.559829
637637617 1.3588
637572085 -0.74366
637637621 0.373872
637572089 -0.309808
637637625 1.00486
637572093 -1.51131
637637629 -0.413097
637572333 -0.0199401
637637869 -0.0795005
637572337 1.50237
637637873 0.0281567
637572341 -0.845371
637637877 0.192534
637572345 -0.741234
637637881 -0.448653
637572349 0.489227
637637885 -1.18817
637572589 0.834622
637638125 -1.25494
637572593 -1.03991
637638129 -1.02725
637572597 0.398039
637638133 2.23881
637572601 0.727093
637638137 0.675326
637572605 0.189798
637638141 -1.29995
637575661 -2.74797
637641197 0.396446
637575665 1.13072
637641201 -0.797793
637575669 0.750726
637641205 0.121583
637575673 -1.12685
637641209 -0.455577
637575677 1.40929
637641213 -0.0946348
637579757 -0.320376
637645293 -0.251697
637579761 0.836042
637645297 0.0525975
637579765 1.00612
637645301 -0.320761
637579769 -0.536244
637645305 -0.518527
637579773 -0.405766
637645309 -1.09199
