24.8465
25.1346
24.3874
25.5519
25.724
24.3444
21.908
25.9741
25.0811
23.8241
25.3807
23.9424
26.0048
25.3987
24.0165
24.7814
26.1445
24.2989
23.4535
25.8705
25.0824
25.1738
25.386
24.6962
26.3236
24.6975
23.9715
26.8104
25.7289
25.9093
27.2037
25.9685
25.8212
26.0137
25.7839
24.8718
25.9336
23.8215
26.588
24.1875
24.2898
25.0876
25.5659
25.7494
25.9873
26.2085
25.3158
25.5044
25.2219
23.4816
25.2453
23.7504
25.3253
23.8699
25.6775
24.5254
24.7735
25.3332
25.0423
25.5976
25.6058
24.9567
25.0807
23.7012
26.9134
24.2076
23.0282
24.2328
23.8158
24.0263
26.8876
25.7912
26.816
24.0489
23.3791
25.0054
24.3062
24.6463
24.8419
24.927
23.5907
25.0362
26.2244
24.6176
25.0131
25.3042
25.3084
26.6004
25.1611
24.3691
23.4816
25.8851
25.4166
25.041
23.5582
22.5417
26.2332
25.3114
24.9028
25.6457
25.7074
25.2049
24.0189
24.9738
24.3768
25.554
25.1001
25.242
24.013
24.7123
24.0625
25.7539
24.1536
25.287
25.2656
24.7913
24.5854
25.3237
24.1299
24.1766
24.5856
23.8162
26.7471
25.3798
23.9956
24.2983
24.6677
26.1647
22.2341
26.4047
25.446
26.624
24.9568
26.1349
26.4021
24.9526
23.0045
24.0834
25.4962
23.8373
23.1138
22.8617
25.8374
25.4807
26.0768
26.7456
26.2076
25.0991
25.4442
24.3482
25.6258
25.4607
24.4115
25.5729
25.7291
23.0771
23.913
24.6529
26.3764
24.26
25.4188
24.9577
24.8873
26.5933
23.7545
25.7473
25.6241
24.0645
25.2971
24.7473
24.9657
24.5765
25.4256
24.5674
24.7403
24.9866
24.9231
24.9391
24.9015
25.9414
24.6063
24.571
24.4372
24.5167
26.7532
24.4662
26.2527
25.3577
24.2152
22.5855
23.7783
24.6203
24.7665
25.2037
25.3383
24.4135
25.5197
26.4513
25.4199
25.2076
24.8337
25.2506
23.4634
22.1434
24.1488
24.2149
26.6089
25.4256
23.5617
25.3345
23.6372
24.2565
25.4351
24.7256
24.3871
23.8164
24.7005
25.7409
24.317
25.4792
23.0774
24.357
25.3297
25.7492
24.2797
24.3936
24.7447
24.5126
26.4597
24.6005
24.7149
24.5475
24.3968
23.7672
23.444
24.3364
26.2301
24.3137
25.188
26.5477
24.6793
25.0713
25.0808
24.5266
24.5448
24.9118
26.0458
23.5568
26.2806
23.5632
24.1462
25.3256
25.4293
24.2568
25.6543
25.7495
25.2277
26.8042
24.4521
25.4618
23.7004
23.5522
24.8023
25.7116
23.7335
24.7531
24.005
24.0293
26.8557
25.2433
24.606
25.0298
23.7335
24.9375
26.022
26.156
24.935
23.6812
25.2729
24.0388
24.8124
23.7379
24.3
24.5897
25.6769
24.6434
24.4711
23.5416
23.961
24.6523
22.8875
23.8316
24.7247
23.5992
25.2567
25.6299
24.0222
25.0953
24.14
24.9137
26.6304
25.7467
24.5806
25.0488
24.0545
25.813
23.3672
24.8589
25.7161
25.1284
24.3639
25.267
23.7657
23.6709
25.5647
24.285
25.9957
25.2374
25.9977
24.1927
25.9011
24.1974
25.1639
25.1789
23.5106
25.3049
26.4052
23.3376
25.1563
26.114
23.8583
26.5658
25.5017
24.2853
26.4933
25.0336
25.0991
24.0349
25.7004
25.9802
24.6125
25.0159
26.0124
23.9951
23.4055
26.0142
25.6912
24.1884
26.3846
25.269
26.5522
25.0465
25.1808
25.3904
24.9312
25.1959
26.1452
24.7415
24.9596
25.8113
24.471
23.1771
25.1178
24.6276
24.7912
26.07
24.1953
24.6383
25.0503
23.8607
24.1604
22.9902
25.571
23.2338
25.7805
24.1097
25.8857
23.3747
23.4091
24.6207
24.2772
24.3283
23.186
25.898
25.0062
25.1647
23.649
24.4532
25.1383
23.1734
24.0258
24.2891
25.3327
25.8796
24.5647
26.2807
25.9911
23.9156
25.0528
25.4116
23.922
25.0319
23.7153
24.7278
25.283
25.4708
24.7518
25.5421
25.7051
23.5662
25.0666
24.1282
24.4353
26.6794
25.7943
25.257
26.4871
25.9332
24.6404
24.7629
23.9431
24.8382
24.0271
22.968
23.4054
25.6197
24.5512
23.6613
25.555
24.0038
26.4822
24.8214
24.4236
24.4212
25.2978
26.5944
25.5476
26.9933
26.3171
25.155
24.8437
24.1133
25.4662
24.3658
26.6835
25.3651
24.2502
25.1879
24.4632
25.4841
25.5957
24.4373
25.0257
25.7227
24.6679
25.3301
22.8643
25.8374
25.3794
24.4513
25.9147
26.5585
24.2207
24.6013
25.2295
25.3128
27.1561
25.783
25.4336
24.085
25.1693
23.6698
24.1225
24.511
25.5922
25.2139
25.0067
26.0516
25.3699
25.3372
25.3758
24.21
23.714
25.182
25.8658
25.2975
24.4468
23.9275
25.1212
25.3958
25.2766
24.305
24.8313
26.7536
25.2898
24.0799
25.4831
25.1363
24.3365
25.4983
24.5902
22.8958
23.1507
24.5475
24.2414
24.8339
24.3461
24.0489
24.1202
24.0288
25.3776
24.7829
23.2614
24.6
24.6069
23.7651
25.454
24.021
24.4575
23.9401
23.9983
25.7863
26.2565
23.9506
26.0658
25.5338
24.9377
25.1541
22.5832
23.5308
26.2919
25.044
24.4837
25.2924
25.3971
24.8427
26.8808
23.6666
25.8762
26.5178
24.8407
24.2623
25.8925
24.5798
23.2278
26.3642
25.8769
25.4073
25.6375
26.2481
26.5982
26.1924
24.6826
24.632
25.1501
25.7961
27.6541
24.9297
25.0353
26.9739
23.9307
23.6854
23.1284
25.5847
26.7863
24.523
23.9533
24.589
25.578
24.4866
25.3102
25.5966
24.475
25.8587
26.1773
25.427
24.4151
24.1059
24.975
24.6934
23.8599
23.8937
26.4257
23.528
23.4753
25.5793
24.0996
24.4981
25.5563
26.5487
24.3619
25.0642
23.582
23.5145
25.4034
23.9645
24.1689
27.1639
24.1972
25.2047
24.6481
25.5586
24.2566
23.9629
25.2908
26.2882
25.9729
24.7457
26.229
24.4727
24.659
25.2349
25.086
25.9355
24.8009
24.048
24.7808
24.4504
23.7715
25.4156
25.1738
24.823
26.5049
27.0286
25.9777
23.7898
24.8922
23.7381
25.3477
23.8412
25.4358
24.6864
26.6406
24.6155
23.8289
26.363
26.2351
23.8087
25.0616
26.7073
25.0416
25.3159
25.0555
25.3742
24.4075
26.9758
25.1028
24.356
26.2907
25.3656
25.1593
24.8366
25.9522
25.4278
25.9105
24.2638
25.2376
24.75
25.0065
24.9319
24.2147
25.0427
24.7265
24.6644
23.7362
25.7688
24.059
25.632
23.8974
26.0404
24.4992
26.2858
25.4427
24.4612
25.077
26.3663
24.4006
25.3633
25.8996
24.5782
26.1362
25.4413
24.3089
23.6497
24.8688
24.843
25.0464
24.6994
24.3216
25.0741
24.7754
25.3835
25.4747
25.2919
23.5869
25.0876
24.2549
25.8475
26.717
24.3688
24.5712
26.5162
23.9034
25.5756
24.7971
25.7571
24.7275
25.656
25.3903
25.3128
24.3557
24.7918
26.7135
24.8274
25.8312
24.0445
24.6401
25.5516
25.5429
23.5754
24.7213
25.7147
23.7104
24.1208
26.4471
27.2568
24.2925
24.1968
25.8711
23.3852
25.5471
24.323
23.9704
24.2959
25.82
26.3786
25.2118
25.4426
24.0091
26.4114
24.5611
25.4793
24.9972
24.9432
24.3873
25.722
24.4266
25.3832
25.634
24.7729
26.2285
25.3655
24.8075
24.4063
24.8006
25.0727
24.0712
24.6557
23.9824
23.921
26.581
26.8217
24.3965
23.7128
24.3519
25.1694
24.4344
22.8678
24.8151
25.2206
24.0318
23.3761
24.7345
26.2871
23.5758
24.9717
24.5443
24.9727
26.3428
26.345
24.9986
24.9844
26.5193
25.6428
23.7607
24.4819
26.6826
25.1651
24.9674
24.7933
23.3427
26.6396
25.7592
26.3736
24.044
25.1179
25.1844
23.082
26.4898
25.2125
26.537
24.7266
25.7735
23.8892
23.691
23.8694
26.6239
24.2036
23.8438
25.3222
23.7354
23.4795
24.525
24.7079
26.5322
23.6246
26.0887
25.7404
24.4672
27.3854
24.7377
23.491
25.1218
24.5743
24.8693
24.5006
25.3176
25.7726
23.6281
24.2957
25.9044
26.0729
25.3437
25.104
24.8743
25.3719
23.4598
24.1104
24.7479
24.4916
25.0708
25.522
23.2888
25.2567
25.8255
23.508
25.9889
25.7164
25.3985
25.9026
25.4875
24.3377
24.6258
24.772
24.0596
24.3332
25.1598
25.6444
24.9282
25.0211
24.0199
24.9763
25.0445
26.5025
25.7719
24.5156
24.5411
25.2758
26.0923
25.9047
25.3385
25.6173
27.1567
25.6479
25.0944
25.4832
23.9593
24.5201
24.6772
25.2788
26.4836
25.7809
26.7018
24.9072
25.1589
24.5721
25.4197
26.3685
25.3445
24.4896
24.505
24.4272
24.7643
23.3843
24.4703
27.1344
25.1049
26.085
23.8696
24.7905
25.8837
24.6883
23.6118
27.2036
24.7931
25.5981
25.3201
24.3105
22.8529
24.0378
25.2434
25.1903
23.5598
25.1908
26.0598
24.9136
24.1715
25.0972
24.1902
23.1064
26.3152
25.1278
24.3886
24.3065
25.6578
24.4914
24.3765
24.607
24.5987
25.2474
23.4584
24.1689
25.8689
23.5471
25.045
25.8199
24.7501
24.7667
24.355
22.3037
27.2346
24.6738
23.209
26.7258
23.3621
26.7059
24.701
24.6068
26.7142
25.7304
24.0421
25.4836
23.5623
27.0982
23.9927
26.4453
24.2462
25.7371
23.8366
25.2412
25.3117
25.5123
23.8887
23.595
23.9825
25.7109
25.3689
24.5913
23.8101
23.2835
23.0314
24.7747
23.3213
23.918
25.8427
26.1729
24.5358
27.2655
23.7567
23.7116
24.9392
23.4474
22.4253
25.4653
25.1767
25.5525
24.7256
27.0483
27.5143
27.1902
24.3128
23.4673
24.3592
24.4068
25.0521
25.1131
25.6752
23.824
24.2888
24.1665
25.2767
25.7759
23.8775
23.7408
24.4439
24.0038
23.733
26.0903
26.4278
23.1429
25.4921
25.124
25.9254
27.4067
25.7917
24.3484
24.9978
25.433
24.6752
24.6586
27.043
23.7834
26.4795
26.3431
24.9223
23.6051
25.1184
26.3572
25.3396
26.68
25.6923
24.0388
23.6797
25.4705
24.4324
24.2288
24.2469
22.9898
25.0188
24.2102
24.7648
25.2953
25.1354
24.1753
24.4425
24.6631
25.3493
24.4257
25.0938
24.7394
24.8977
26.655
23.4389
25.9346
24.8159
26.2399
23.8223
25.8648
25.9834
24.1698
25.0677
24.9992
25.6013
24.5473
23.9909
25.2418
25.8719
26.0207
25.6209
26.8947
24.7854
26.3261
25.8134
26.0074
25.3839
24.5406
25.4537
24.715
24.5089
24.1563
25.179
26.4173
24.0437
25.5796
25.2225
25.3581
24.5598
23.4189
26.0534
26.1142
25.5078
24.8043
25.7593
25.4002
24.4418
25.5642
26.1158
25.3005
23.7289
24.396
24.7072
25.176
25.076
23.76
26.6101
24.6277
25.7575
22.9645
25.8154
24.764
24.97
23.2904
24.2281
25.4009
25.0158
26.3081
25.2853
25.2201
26.0718
24.4475
25.3403
24.8593
24.1177
24.5296
22.7154
24.5335
27.7501
25.4491
24.5111
23.9968
24.7963
26.5264
25.0973
27.5605
26.1418
23.2765
23.7325
24.7193
26.8338
25.6646
23.5138
25.3549
24.8506
26.1667
23.5997
25.8365
25.6233
26.2999
24.6408
26.6695
23.7095
25.2705
24.8568
23.1236
23.8866
25.5702
24.425
26.5805
23.5699
25.0171
23.997
24.8015
25.1118
23.8867
24.0573
22.9127
25.0189
25.4531
25.3474
24.9856
24.6587
25.2364
25.4974
24.9411
25.4958
24.902
25.7545
24.8418
24.5988
23.4062
26.6892
25.8338
24.6119
25.1615
24.6663
25.8969
24.7337
23.211
22.8065
24.7315
25.4559
24.2358
24.2605
25.2885
23.9107
24.5698
25.4712
27.7028
23.8403
23.205
22.9242
25.8622
26.7393
24.6345
25.2147
25.9647
24.8654
25.3055
25.5972
24.1328
25.0563
25.1536
26.5196
25.2813
24.1792
23.0071
24.8995
25.6153
25.4335
25.2594
24.7867
23.8994
25.2269
25.6869
24.3533
26.6082
26.2026
24.3687
25.4913
24.9102
24.6698
25.4334
23.7564
24.9962
25.0603
24.7032
23.1454
25.0164
24.6944
23.1055
26.3996
23.9017
24.2038
23.904
25.0785
23.9391
24.4968
25.7698
23.8261
25.228
25.6429
25.0928
25.1761
24.0194
25.8661
24.8105
25.4793
26.0787
25.3531
24.7443
24.9232
26.0135
24.3602
25.5845
25.1281
24.359
25.4202
25.1131
24.0742
25.8352
26.7034
26.3146
26.9172
23.6114
25.2888
25.2448
26.5836
23.4725
24.7255
24.2043
24.3311
24.8544
26.1578
23.9897
26.1099
24.4858
24.8026
23.7812
24.6731
25.0313
25.2015
24.955
22.6794
23.4825
24.2019
26.7711
24.1985
24.3888
25.8581
24.215
24.2295
24.7287
22.6301
24.9887
25.4913
24.5631
23.402
23.8548
23.852
25.7547
24.3893
26.9972
25.8575
24.2553
25.1267
25.1095
24.6363
24.6794
25.1868
26.7328
26.2252
26.0133
26.2531
24.9539
22.0331
25.1275
24.3315
24.5907
25.072
25.8441
22.4378
25.1908
26.4161
25.9046
25.306
24.8228
25.3103
25.4193
25.9086
24.9006
25.3414
23.5442
24.4577
26.0782
23.8838
25.521
24.4858
25.191
24.2791
25.6056
24.2203
23.9102
25.7295
24.9737
24.971
26.0258
24.883
23.284
25.2072
24.7441
26.2345
25.1762
25.6067
25.1676
23.9524
23.7309
24.5663
25.9552
26.2589
24.9163
24.5578
26.6853
26.0941
25.831
25.2843
24.7026
23.4593
26.234
25.2753
25.8225
26.3828
26.1398
23.878
25.2782
25.5052
25.323
24.8019
25.8826
24.9187
24.8224
24.9095
25.376
25.8999
24.1843
26.0374
25.1599
22.4006
24.4298
25.8751
24.2654
26.3243
26.6185
24.3793
24.6001
24.2775
23.5608
24.7692
26.9706
26.1168
24.6631
24.9609
23.2941
23.4458
24.7871
26.8366
25.5574
25.0354
26.7625
24.704
24.2214
25.728
23.6671
23.0565
24.4103
25.7968
24.8878
25.0338
25.6377
24.5168
23.7055
26.2081
23.4032
24.4252
24.6066
26.8411
26.6084
25.5548
23.6499
26.6489
24.4164
25.0758
25.0538
25.0494
25.8825
24.7236
24.9302
26.8523
24.666
23.7944
25.2278
25.0417
25.381
25.0427
25.6265
24.8827
23.7378
24.6442
25.6452
25.493
25.3852
24.2868
23.8512
24.6274
24.178
24.4401
25.6789
25.6856
26.3654
25.2484
25.1607
23.8135
25.4758
24.8756
24.3173
23.7238
25.6338
25.9818
24.9281
25.9147
24.6519
23.5483
25.9861
26.2141
26.651
24.3452
24.6794
25.037
24.8617
26.5089
25.0393
23.7526
25.3276
24.5233
26.9226
24.6076
25.7213
23.8038
25.1429
24.6159
26.5953
23.5137
25.4683
26.1173
25.2329
26.5916
24.2432
24.6682
25.4831
24.4638
23.7119
23.4401
24.057
25.846
25.198
25.7399
24.5701
26.0847
22.7451
25.3341
25.7548
25.6254
24.6079
23.8023
24.941
24.4932
26.4493
26.1292
25.4328
24.1452
24.6042
22.0967
23.1637
24.4498
25.9129
24.8471
25.7929
24.697
23.4296
25.0873
26.6562
27.5935
24.0937
24.1421
24.9906
25.1674
23.8782
24.7638
25.41
25.7129
25.0395
25.0696
26.2084
26.438
23.8997
23.6616
24.8399
25.5222
23.5625
25.8366
25.0708
25.8399
25.3218
25.3982
24.1236
24.4274
25.4269
24.0987
23.8187
24.4648
24.8256
25.7765
24.8051
25.8582
24.9204
23.4891
25.7102
24.6555
25.6019
25.0822
24.3316
25.8397
25.4217
25.6502
24.8241
24.677
25.2115
24.4005
24.278
25.3812
22.7757
26.0458
25.4316
25.7737
25.2822
23.7482
26.492
26.9386
26.9475
25.4764
24.9045
23.8896
25.7217
23.4065
26.811
24.7748
24.6294
26.1689
25.1644
24.4918
25.8257
26.8332
23.1981
23.616
24.5628
25.2899
23.9429
26.3976
25.5871
24.2134
23.8604
25.3162
24.5728
24.4406
24.2997
25.3043
23.9583
26.0656
23.886
24.6946
25.4768
23.4095
25.9476
24.2757
24.8169
23.2735
25.2565
24.772
24.9202
23.5319
25.4207
25.2863
25.4486
24.795
26.1233
24.9159
26.3219
24.8571
25.8377
25.1019
26.781
26.9189
24.1516
24.7524
25.2234
25.435
25.4876
25.7821
23.3248
26.8061
27.1678
25.056
25.8889
24.7086
24.686
23.9109
26.84
25.3248
25.8786
25.9547
23.7013
25.1965
25.1509
25.2145
25.9449
23.1408
25.286
25.789
25.4298
26.5323
23.9829
23.3639
22.8122
24.2691
25.1874
24.0337
26.5239
25.3777
23.1279
26.3557
24.4846
25.732
24.2246
24.2188
26.6768
24.2494
24.5944
26.7247
25.0278
25.0357
25.0809
24.3231
25.6676
23.0141
25.894
25.1095
25.3139
27.05
24.2783
25.4596
25.9089
25.2592
24.2471
24.1874
25.102
23.4921
25.1339
25.4448
25.1261
25.4812
24.6433
25.2678
26.0287
24.0114
24.3818
24.6639
23.0761
23.6894
24.3298
25.5723
29.0213
25.9015
25.3478
27.6124
26.2348
24.5948
25.3458
24.7544
23.9214
24.6546
23.561
25.8436
23.7039
24.3329
25.4462
25.4127
25.4385
25.3124
24.926
26.2492
26.6596
25.8221
25.1325
23.9004
23.6588
24.6238
25.3176
25.1281
26.2085
25.9811
25.3731
24.3789
25.864
23.3056
26.2204
25.0038
24.5406
25.4397
23.6523
25.2227
23.8011
26.0474
24.3379
25.1199
24.5218
24.3053
24.0959
25.2512
23.7827
24.9881
24.7759
25.7309
23.991
26.1982
24.5145
24.5702
25.6253
24.7906
24.4795
26.7977
25.3738
25.3935
27.0927
23.9355
25.56
25.1624
27.0721
24.1289
26.2951
24.7554
24.7805
24.5348
24.5343
25.2136
24.6171
26.1648
24.4626
24.4865
25.2318
24.0622
22.5104
26.0731
26.1429
23.1207
23.5202
25.8618
25.4105
25.7543
26.3474
26.9583
24.6633
26.1149
23.8662
24.6119
25.5421
26.2061
25.2533
24.2544
24.8624
23.6241
23.1907
25.403
26.4933
26.0442
27.4459
25.372
25.662
25.1137
24.8311
24.2604
25.2812
25.4252
23.6137
25.6899
24.0294
23.4205
26.066
25.4543
23.6546
27.226
25.5608
24.4682
25.9275
25.7302
25.0594
24.7628
26.0541
25.0082
23.6175
25.3692
23.7729
23.8002
24.1872
23.5114
24.3327
25.1575
25.596
24.28
25.2311
26.1335
24.5823
25.999
26.6991
22.7538
22.0309
25.338
25.6774
24.5643
25.8112
26.1073
27.0791
24.9197
27.2069
25.7998
26.6257
25.282
25.5596
24.1402
26.6418
24.1999
26.152
24.1134
25.5456
25.6238
25.4897
24.9892
26.2168
24.2258
22.3034
24.7711
25.4525
26.2456
25.0831
24.431
24.8688
22.4458
24.3826
24.2714
26.6576
24.4134
25.122
24.2194
23.6288
25.162
25.1212
25.0009
25.3065
23.3688
24.8717
24.5846
24.228
23.4292
24.7997
23.0178
24.0798
23.9849
24.4505
24.6697
25.9761
24.7846
25.7746
24.9408
24.5818
26.067
25.8277
24.2876
24.6681
24.9039
26.0014
24.646
24.2408
24.7824
25.7493
25.9886
25.8068
26.3361
25.8266
24.3697
24.9047
24.0163
25.2473
23.5214
25.0398
24.8089
23.8788
25.4993
25.3557
24.6464
26.7217
25.1498
25.0909
24.393
23.9167
25.5222
25.269
25.5936
24.9291
23.3304
24.3984
25.9756
23.5692
24.7037
25.0641
25.5977
25.7744
25.3439
25.7326
25.1027
26.6934
22.9079
24.8028
24.7251
26.2657
24.5021
24.6811
24.9474
25.6256
25.938
24.7962
26.1867
23.5181
24.5994
24.0297
23.5149
24.4519
25.5563
25.7781
24.6977
24.9405
23.9822
25.8012
26.516
23.8861
23.4893
25.4252
24.2899
25.7721
26.9477
24.5871
24.5519
24.8589
25.0447
24.0637
24.8115
25.4014
25.659
26.1534
26.8474
24.6424
25.9153
24.6572
26.3189
27.2929
25.7014
24.6152
26.4709
23.9632
23.3046
25.409
24.8248
25.1481
23.3532
24.8859
24.2275
24.9847
24.9915
25.4187
25.0582
23.7357
23.5994
24.0272
26.0028
25.1661
26.2224
26.0367
25.1469
24.4996
24.6253
26.3447
23.7359
23.9576
25.5531
23.7393
25.0707
23.5134
25.0395
24.8843
25.6312
24.3361
25.7324
23.0929
26.3773
25.9316
24.1856
24.7269
25.286
24.288
25.6116
24.9551
26.5899
25.5255
24.9133
25.777
24.5544
25.8939
26.499
26.6446
27.0565
24.0187
25.5609
23.5697
23.9241
25.3917
24.7526
23.2611
24.3254
24.2454
23.9806
23.7235
23.4485
23.3528
25.3384
24.9005
24.8284
25.7719
26.3299
25.9706
24.6842
24.226
25.3911
24.7533
25.6712
24.7596
25.7407
24.7314
24.2361
24.8179
23.9501
26.5542
25.8551
25.4855
23.7299
25.3967
24.1473
23.4128
25.532
23.4532
26.7717
28.0601
25.3182
24.2357
27.4793
23.8128
25.9985
25.4294
26.6366
24.6589
25.8911
26.02
24.6014
24.5923
26.7631
25.3549
24.6029
25.4143
23.832
25.6064
24.8355
23.1204
22.9971
23.1469
24.1815
24.5339
24.7913
25.5541
26.447
26.1171
25.2957
25.5395
23.7183
23.5583
24.0276
25.7983
24.1193
24.7779
24.7509
24.4912
25.2982
25.1885
25.8425
25.7043
25.9609
24.4245
25.0213
25.9343
24.4764
24.5285
26.265
25.3457
25.2824
24.1714
25.8377
25.006
23.257
26.9663
24.9516
25.6306
25.4762
25.9089
26.3998
24.2759
25.088
25.1345
23.8347
25.674
24.8452
26.3093
24.528
22.9061
25.2006
25.2352
25.1963
25.9346
24.006
24.2116
25.1055
24.8421
25.8735
25.7575
24.4836
26.4024
25.3259
23.5211
24.5752
24.538
24.0667
26.84
25.2153
25.8752
26.1464
26.5964
27.0812
24.5755
24.471
25.178
25.4525
25.2684
24.0249
26.3157
25.5626
24.1105
25.0682
22.8042
23.7629
25.4397
25.1452
25.0488
26.5743
25.5117
25.3272
25.0349
24.7793
24.4558
23.6719
24.6087
23.0184
24.9431
25.8771
23.8699
23.9322
24.3416
25.0142
25.0966
25.6926
24.5569
25.547
26.5227
24.1295
24.6448
23.1569
26.7172
27.0806
25.2888
24.5687
25.8979
23.3242
25.9847
25.4352
25.1071
25.0271
24.5771
22.7462
25.3662
26.5746
26.6642
24.3053
24.8197
23.4357
25.8241
24.4402
26.3588
24.2563
25.3739
24.6902
26.0049
23.4887
24.5869
24.9801
24.9205
26.5024
25.0282
24.1546
25.1925
24.2588
24.5513
25.4892
23.8118
25.8346
23.7451
23.9601
23.9727
25.398
27.2388
25.7271
25.6753
25.1898
23.7
22.252
25.3964
26.1307
24.2022
25.7507
25.1216
23.8731
24.5444
26.4093
24.9054
24.6796
24.7483
25.836
25.0526
26.0061
24.6792
24.4638
24.4815
24.5942
23.908
