637567085 W-2_RB4-_S01_Backward 116.9 4.125 48
637567089 W-1_RB4-_S01_Backward 116.9 4.125 48
637567093 W+0_RB4-_S01_Backward 116.9 4.125 48
637567097 W+1_RB4-_S01_Backward 116.9 4.125 48
637567101 W+2_RB4-_S01_Backward 116.9 4.125 48
637567213 W-2_RB4-_S02_Backward 116.9 4.125 48
637567217 W-1_RB4-_S02_Backward 116.9 4.125 48
637567221 W+0_RB4-_S02_Backward 116.9 4.125 48
637567225 W+1_RB4-_S02_Backward 116.9 4.125 48
637567229 W+2_RB4-_S02_Backward 116.9 4.125 48
637567341 W-2_RB4-_S03_Backward 116.9 4.125 48
637567349 W+0_RB4-_S03_Backward 116.9 4.125 48
637567353 W+1_RB4-_S03_Backward 116.9 4.125 48
637567357 W+2_RB4-_S03_Backward 116.9 4.125 48
637567597 W-2_RB4-_S05_Backward 116.9 4.125 48
637567601 W-1_RB4-_S05_Backward 116.9 4.125 48
637567605 W+0_RB4-_S05_Backward 116.9 4.125 48
637567609 W+1_RB4-_S05_Backward 116.9 4.125 48
637567613 W+2_RB4-_S05_Backward 116.9 4.125 48
637567725 W-2_RB4-_S06_Backward 116.9 4.125 48
637567729 W-1_RB4-_S06_Backward 116.9 4.125 48
637567733 W+0_RB4-_S06_Backward 116.9 4.125 48
637567737 W+1_RB4-_S06_Backward 116.9 4.125 48
637567741 W+2_RB4-_S06_Backward 116.9 4.125 48
637567853 W-2_RB4-_S07_Backward 116.9 4.125 48
637567857 W-1_RB4-_S07_Backward 116.9 4.125 48
637567861 W+0_RB4-_S07_Backward 116.9 4.125 48
637567865 W+1_RB4-_S07_Backward 116.9 4.125 48
637567869 W+2_RB4-_S07_Backward 116.9 4.125 48
637567981 W-2_RB4-_S08_Backward 116.9 4.125 48
637567985 W-1_RB4-_S08_Backward 116.9 4.125 48
637567989 W+0_RB4-_S08_Backward 116.9 4.125 48
637567993 W+1_RB4-_S08_Backward 116.9 4.125 48
637567997 W+2_RB4-_S08_Backward 116.9 4.125 48
637568109 W-2_RB4_S09_Backward 116.9 4.125 48
637568113 W-1_RB4_S09_Backward 116.9 4.125 48
637568117 W+0_RB4_S09_Backward 116.9 4.125 48
637568121 W+1_RB4_S09_Backward 116.9 4.125 48
637568125 W+2_RB4_S09_Backward 116.9 4.125 48
637568365 W-2_RB4_S11_Backward 116.9 4.125 48
637568369 W-1_RB4_S11_Backward 116.9 4.125 48
637568373 W+0_RB4_S11_Backward 116.9 4.125 48
637568377 W+1_RB4_S11_Backward 116.9 4.125 48
637568381 W+2_RB4_S11_Backward 116.9 4.125 48
637571181 W-2_RB4+_S01_Backward 116.9 4.125 48
637571185 W-1_RB4+_S01_Backward 116.9 4.125 48
637571189 W+0_RB4+_S01_Backward 116.9 4.125 48
637571193 W+1_RB4+_S01_Backward 116.9 4.125 48
637571197 W+2_RB4+_S01_Backward 116.9 4.125 48
637571309 W-2_RB4+_S02_Backward 116.9 4.125 48
637571313 W-1_RB4+_S02_Backward 116.9 4.125 48
637571317 W+0_RB4+_S02_Backward 116.9 4.125 48
637571321 W+1_RB4+_S02_Backward 116.9 4.125 48
637571325 W+2_RB4+_S02_Backward 116.9 4.125 48
637571437 W-2_RB4+_S03_Backward 116.9 4.125 48
637571445 W+0_RB4+_S03_Backward 116.9 4.125 48
637571449 W+1_RB4+_S03_Backward 116.9 4.125 48
637571453 W+2_RB4+_S03_Backward 116.9 4.125 48
637571693 W-2_RB4+_S05_Backward 116.9 4.125 48
637571697 W-1_RB4+_S05_Backward 116.9 4.125 48
637571701 W+0_RB4+_S05_Backward 116.9 4.125 48
637571705 W+1_RB4+_S05_Backward 116.9 4.125 48
637571709 W+2_RB4+_S05_Backward 116.9 4.125 48
637571821 W-2_RB4+_S06_Backward 116.9 4.125 48
637571825 W-1_RB4+_S06_Backward 116.9 4.125 48
637571829 W+0_RB4+_S06_Backward 116.9 4.125 48
637571833 W+1_RB4+_S06_Backward 116.9 4.125 48
637571837 W+2_RB4+_S06_Backward 116.9 4.125 48
637571949 W-2_RB4+_S07_Backward 116.9 4.125 48
637571953 W-1_RB4+_S07_Backward 116.9 4.125 48
637571957 W+0_RB4+_S07_Backward 116.9 4.125 48
637571961 W+1_RB4+_S07_Backward 116.9 4.125 48
637571965 W+2_RB4+_S07_Backward 116.9 4.125 48
637572589 W-2_RB4+_S12_Backward 116.9 4.125 48
637572593 W-1_RB4+_S12_Backward 116.9 4.125 48
637572597 W+0_RB4+_S12_Backward 116.9 4.125 48
637572601 W+1_RB4+_S12_Backward 116.9 4.125 48
637572605 W+2_RB4+_S12_Backward 116.9 4.125 48
