637566989 W-2_RB1in_S01_Backward 116.9 2.28889 90
637566993 W-1_RB1in_S01_Backward 116.9 2.28889 90
637566997 W+0_RB1in_S01_Backward 116.9 2.28889 90
637567001 W+1_RB1in_S01_Backward 116.9 2.28889 90
637567005 W+2_RB1in_S01_Backward 116.9 2.28889 90
637567117 W-2_RB1in_S02_Backward 116.9 2.28889 90
637567121 W-1_RB1in_S02_Backward 116.9 2.28889 90
637567125 W+0_RB1in_S02_Backward 116.9 2.28889 90
637567129 W+1_RB1in_S02_Backward 116.9 2.28889 90
637567133 W+2_RB1in_S02_Backward 116.9 2.28889 90
637567245 W-2_RB1in_S03_Backward 116.9 2.28889 90
637567253 W+0_RB1in_S03_Backward 116.9 2.28889 90
637567257 W+1_RB1in_S03_Backward 116.9 2.28889 90
637567261 W+2_RB1in_S03_Backward 116.9 2.28889 90
637567373 W-2_RB1in_S04_Backward 116.9 2.28889 90
637567377 W-1_RB1in_S04_Backward 116.9 2.28889 90
637567381 W+0_RB1in_S04_Backward 116.9 2.28889 90
637567389 W+2_RB1in_S04_Backward 116.9 2.28889 90
637567501 W-2_RB1in_S05_Backward 116.9 2.28889 90
637567505 W-1_RB1in_S05_Backward 116.9 2.28889 90
637567509 W+0_RB1in_S05_Backward 116.9 2.28889 90
637567513 W+1_RB1in_S05_Backward 116.9 2.28889 90
637567517 W+2_RB1in_S05_Backward 116.9 2.28889 90
637567629 W-2_RB1in_S06_Backward 116.9 2.28889 90
637567633 W-1_RB1in_S06_Backward 116.9 2.28889 90
637567637 W+0_RB1in_S06_Backward 116.9 2.28889 90
637567641 W+1_RB1in_S06_Backward 116.9 2.28889 90
637567645 W+2_RB1in_S06_Backward 116.9 2.28889 90
637567757 W-2_RB1in_S07_Backward 116.9 2.28889 90
637567761 W-1_RB1in_S07_Backward 116.9 2.28889 90
637567765 W+0_RB1in_S07_Backward 116.9 2.28889 90
637567769 W+1_RB1in_S07_Backward 116.9 2.28889 90
637567773 W+2_RB1in_S07_Backward 116.9 2.28889 90
637567885 W-2_RB1in_S08_Backward 116.9 2.28889 90
637567889 W-1_RB1in_S08_Backward 116.9 2.28889 90
637567893 W+0_RB1in_S08_Backward 116.9 2.28889 90
637567897 W+1_RB1in_S08_Backward 116.9 2.28889 90
637567901 W+2_RB1in_S08_Backward 116.9 2.28889 90
637568013 W-2_RB1in_S09_Backward 116.9 2.28889 90
637568017 W-1_RB1in_S09_Backward 116.9 2.28889 90
637568021 W+0_RB1in_S09_Backward 116.9 2.28889 90
637568025 W+1_RB1in_S09_Backward 116.9 2.28889 90
637568029 W+2_RB1in_S09_Backward 116.9 2.28889 90
637568141 W-2_RB1in_S10_Backward 116.9 2.28889 90
637568145 W-1_RB1in_S10_Backward 116.9 2.28889 90
637568149 W+0_RB1in_S10_Backward 116.9 2.28889 90
637568153 W+1_RB1in_S10_Backward 116.9 2.28889 90
637568157 W+2_RB1in_S10_Backward 116.9 2.28889 90
637568269 W-2_RB1in_S11_Backward 116.9 2.28889 90
637568273 W-1_RB1in_S11_Backward 116.9 2.28889 90
637568277 W+0_RB1in_S11_Backward 116.9 2.28889 90
637568281 W+1_RB1in_S11_Backward 116.9 2.28889 90
637568285 W+2_RB1in_S11_Backward 116.9 2.28889 90
637568397 W-2_RB1in_S12_Backward 116.9 2.28889 90
637568401 W-1_RB1in_S12_Backward 116.9 2.28889 90
637568405 W+0_RB1in_S12_Backward 116.9 2.28889 90
637568409 W+1_RB1in_S12_Backward 116.9 2.28889 90
637568413 W+2_RB1in_S12_Backward 116.9 2.28889 90
