637569037 W-2_RB1out_S01_Backward 116.9 2.45238 84
637569041 W-1_RB1out_S01_Backward 116.9 2.45238 84
637569045 W+0_RB1out_S01_Backward 116.9 2.45238 84
637569049 W+1_RB1out_S01_Backward 116.9 2.45238 84
637569053 W+2_RB1out_S01_Backward 116.9 2.45238 84
637569165 W-2_RB1out_S02_Backward 116.9 2.45238 84
637569169 W-1_RB1out_S02_Backward 116.9 2.45238 84
637569173 W+0_RB1out_S02_Backward 116.9 2.45238 84
637569177 W+1_RB1out_S02_Backward 116.9 2.45238 84
637569181 W+2_RB1out_S02_Backward 116.9 2.45238 84
637569293 W-2_RB1out_S03_Backward 116.9 2.45238 84
637569301 W+0_RB1out_S03_Backward 116.9 2.45238 84
637569305 W+1_RB1out_S03_Backward 116.9 2.45238 84
637569309 W+2_RB1out_S03_Backward 116.9 2.45238 84
637569421 W-2_RB1out_S04_Backward 116.9 2.45238 84
637569425 W-1_RB1out_S04_Backward 116.9 2.45238 84
637569429 W+0_RB1out_S04_Backward 116.9 2.45238 84
637569437 W+2_RB1out_S04_Backward 116.9 2.45238 84
637569549 W-2_RB1out_S05_Backward 116.9 2.45238 84
637569553 W-1_RB1out_S05_Backward 116.9 2.45238 84
637569557 W+0_RB1out_S05_Backward 116.9 2.45238 84
637569561 W+1_RB1out_S05_Backward 116.9 2.45238 84
637569565 W+2_RB1out_S05_Backward 116.9 2.45238 84
637569677 W-2_RB1out_S06_Backward 116.9 2.45238 84
637569681 W-1_RB1out_S06_Backward 116.9 2.45238 84
637569685 W+0_RB1out_S06_Backward 116.9 2.45238 84
637569689 W+1_RB1out_S06_Backward 116.9 2.45238 84
637569693 W+2_RB1out_S06_Backward 116.9 2.45238 84
637569805 W-2_RB1out_S07_Backward 116.9 2.45238 84
637569809 W-1_RB1out_S07_Backward 116.9 2.45238 84
637569813 W+0_RB1out_S07_Backward 116.9 2.45238 84
637569817 W+1_RB1out_S07_Backward 116.9 2.45238 84
637569821 W+2_RB1out_S07_Backward 116.9 2.45238 84
637569933 W-2_RB1out_S08_Backward 116.9 2.45238 84
637569937 W-1_RB1out_S08_Backward 116.9 2.45238 84
637569941 W+0_RB1out_S08_Backward 116.9 2.45238 84
637569945 W+1_RB1out_S08_Backward 116.9 2.45238 84
637569949 W+2_RB1out_S08_Backward 116.9 2.45238 84
637570061 W-2_RB1out_S09_Backward 116.9 2.45238 84
637570065 W-1_RB1out_S09_Backward 116.9 2.45238 84
637570069 W+0_RB1out_S09_Backward 116.9 2.45238 84
637570073 W+1_RB1out_S09_Backward 116.9 2.45238 84
637570077 W+2_RB1out_S09_Backward 116.9 2.45238 84
637570189 W-2_RB1out_S10_Backward 116.9 2.45238 84
637570193 W-1_RB1out_S10_Backward 116.9 2.45238 84
637570197 W+0_RB1out_S10_Backward 116.9 2.45238 84
637570201 W+1_RB1out_S10_Backward 116.9 2.45238 84
637570205 W+2_RB1out_S10_Backward 116.9 2.45238 84
637570317 W-2_RB1out_S11_Backward 116.9 2.45238 84
637570321 W-1_RB1out_S11_Backward 116.9 2.45238 84
637570325 W+0_RB1out_S11_Backward 116.9 2.45238 84
637570329 W+1_RB1out_S11_Backward 116.9 2.45238 84
637570333 W+2_RB1out_S11_Backward 116.9 2.45238 84
637570445 W-2_RB1out_S12_Backward 116.9 2.45238 84
637570449 W-1_RB1out_S12_Backward 116.9 2.45238 84
637570453 W+0_RB1out_S12_Backward 116.9 2.45238 84
637570457 W+1_RB1out_S12_Backward 116.9 2.45238 84
637570461 W+2_RB1out_S12_Backward 116.9 2.45238 84
