637567053 W-2_RB3-_S01_Backward 116.9 3.52381 42
637567057 W-1_RB3-_S01_Backward 116.9 3.52381 42
637567061 W+0_RB3-_S01_Backward 116.9 3.52381 42
637567065 W+1_RB3-_S01_Backward 116.9 3.52381 42
637567069 W+2_RB3-_S01_Backward 116.9 3.52381 42
637567181 W-2_RB3-_S02_Backward 116.9 3.52381 42
637567185 W-1_RB3-_S02_Backward 116.9 3.52381 42
637567189 W+0_RB3-_S02_Backward 116.9 3.52381 42
637567193 W+1_RB3-_S02_Backward 116.9 3.52381 42
637567197 W+2_RB3-_S02_Backward 116.9 3.52381 42
637567309 W-2_RB3-_S03_Backward 116.9 3.52381 42
637567317 W+0_RB3-_S03_Backward 116.9 3.52381 42
637567321 W+1_RB3-_S03_Backward 116.9 3.52381 42
637567325 W+2_RB3-_S03_Backward 116.9 3.52381 42
637567437 W-2_RB3-_S04_Backward 116.9 3.52381 42
637567441 W-1_RB3-_S04_Backward 116.9 3.52381 42
637567445 W+0_RB3-_S04_Backward 116.9 3.52381 42
637567453 W+2_RB3-_S04_Backward 116.9 3.52381 42
637567565 W-2_RB3-_S05_Backward 116.9 3.52381 42
637567569 W-1_RB3-_S05_Backward 116.9 3.52381 42
637567573 W+0_RB3-_S05_Backward 116.9 3.52381 42
637567577 W+1_RB3-_S05_Backward 116.9 3.52381 42
637567581 W+2_RB3-_S05_Backward 116.9 3.52381 42
637567693 W-2_RB3-_S06_Backward 116.9 3.52381 42
637567697 W-1_RB3-_S06_Backward 116.9 3.52381 42
637567701 W+0_RB3-_S06_Backward 116.9 3.52381 42
637567705 W+1_RB3-_S06_Backward 116.9 3.52381 42
637567709 W+2_RB3-_S06_Backward 116.9 3.52381 42
637567821 W-2_RB3-_S07_Backward 116.9 3.52381 42
637567825 W-1_RB3-_S07_Backward 116.9 3.52381 42
637567829 W+0_RB3-_S07_Backward 116.9 3.52381 42
637567833 W+1_RB3-_S07_Backward 116.9 3.52381 42
637567837 W+2_RB3-_S07_Backward 116.9 3.52381 42
637567949 W-2_RB3-_S08_Backward 116.9 3.52381 42
637567953 W-1_RB3-_S08_Backward 116.9 3.52381 42
637567957 W+0_RB3-_S08_Backward 116.9 3.52381 42
637567961 W+1_RB3-_S08_Backward 116.9 3.52381 42
637567965 W+2_RB3-_S08_Backward 116.9 3.52381 42
637568077 W-2_RB3-_S09_Backward 116.9 3.52381 42
637568081 W-1_RB3-_S09_Backward 116.9 3.52381 42
637568085 W+0_RB3-_S09_Backward 116.9 3.52381 42
637568089 W+1_RB3-_S09_Backward 116.9 3.52381 42
637568093 W+2_RB3-_S09_Backward 116.9 3.52381 42
637568205 W-2_RB3-_S10_Backward 116.9 3.52381 42
637568209 W-1_RB3-_S10_Backward 116.9 3.52381 42
637568213 W+0_RB3-_S10_Backward 116.9 3.52381 42
637568217 W+1_RB3-_S10_Backward 116.9 3.52381 42
637568221 W+2_RB3-_S10_Backward 116.9 3.52381 42
637568333 W-2_RB3-_S11_Backward 116.9 3.52381 42
637568337 W-1_RB3-_S11_Backward 116.9 3.52381 42
637568341 W+0_RB3-_S11_Backward 116.9 3.52381 42
637568345 W+1_RB3-_S11_Backward 116.9 3.52381 42
637568349 W+2_RB3-_S11_Backward 116.9 3.52381 42
637568461 W-2_RB3-_S12_Backward 116.9 3.52381 42
637568465 W-1_RB3-_S12_Backward 116.9 3.52381 42
637568469 W+0_RB3-_S12_Backward 116.9 3.52381 42
637568473 W+1_RB3-_S12_Backward 116.9 3.52381 42
637568477 W+2_RB3-_S12_Backward 116.9 3.52381 42
637571149 W-2_RB3+_S01_Backward 116.9 3.52381 42
637571153 W-1_RB3+_S01_Backward 116.9 3.52381 42
637571157 W+0_RB3+_S01_Backward 116.9 3.52381 42
637571161 W+1_RB3+_S01_Backward 116.9 3.52381 42
637571165 W+2_RB3+_S01_Backward 116.9 3.52381 42
637571277 W-2_RB3+_S02_Backward 116.9 3.52381 42
637571281 W-1_RB3+_S02_Backward 116.9 3.52381 42
637571285 W+0_RB3+_S02_Backward 116.9 3.52381 42
637571289 W+1_RB3+_S02_Backward 116.9 3.52381 42
637571293 W+2_RB3+_S02_Backward 116.9 3.52381 42
637571405 W-2_RB3+_S03_Backward 116.9 3.52381 42
637571413 W+0_RB3+_S03_Backward 116.9 3.52381 42
637571417 W+1_RB3+_S03_Backward 116.9 3.52381 42
637571421 W+2_RB3+_S03_Backward 116.9 3.52381 42
637571533 W-2_RB3+_S04_Backward 116.9 3.52381 42
637571537 W-1_RB3+_S04_Backward 116.9 3.52381 42
637571541 W+0_RB3+_S04_Backward 116.9 3.52381 42
637571549 W+2_RB3+_S04_Backward 116.9 3.52381 42
637571661 W-2_RB3+_S05_Backward 116.9 3.52381 42
637571665 W-1_RB3+_S05_Backward 116.9 3.52381 42
637571669 W+0_RB3+_S05_Backward 116.9 3.52381 42
637571673 W+1_RB3+_S05_Backward 116.9 3.52381 42
637571677 W+2_RB3+_S05_Backward 116.9 3.52381 42
637571789 W-2_RB3+_S06_Backward 116.9 3.52381 42
637571793 W-1_RB3+_S06_Backward 116.9 3.52381 42
637571797 W+0_RB3+_S06_Backward 116.9 3.52381 42
637571801 W+1_RB3+_S06_Backward 116.9 3.52381 42
637571805 W+2_RB3+_S06_Backward 116.9 3.52381 42
637571917 W-2_RB3+_S07_Backward 116.9 3.52381 42
637571921 W-1_RB3+_S07_Backward 116.9 3.52381 42
637571925 W+0_RB3+_S07_Backward 116.9 3.52381 42
637571929 W+1_RB3+_S07_Backward 116.9 3.52381 42
637571933 W+2_RB3+_S07_Backward 116.9 3.52381 42
637572045 W-2_RB3+_S08_Backward 116.9 3.52381 42
637572049 W-1_RB3+_S08_Backward 116.9 3.52381 42
637572053 W+0_RB3+_S08_Backward 116.9 3.52381 42
637572057 W+1_RB3+_S08_Backward 116.9 3.52381 42
637572061 W+2_RB3+_S08_Backward 116.9 3.52381 42
637572173 W-2_RB3+_S09_Backward 116.9 3.52381 42
637572177 W-1_RB3+_S09_Backward 116.9 3.52381 42
637572181 W+0_RB3+_S09_Backward 116.9 3.52381 42
637572185 W+1_RB3+_S09_Backward 116.9 3.52381 42
637572189 W+2_RB3+_S09_Backward 116.9 3.52381 42
637572301 W-2_RB3+_S10_Backward 116.9 3.52381 42
637572305 W-1_RB3+_S10_Backward 116.9 3.52381 42
637572309 W+0_RB3+_S10_Backward 116.9 3.52381 42
637572313 W+1_RB3+_S10_Backward 116.9 3.52381 42
637572317 W+2_RB3+_S10_Backward 116.9 3.52381 42
637572429 W-2_RB3+_S11_Backward 116.9 3.52381 42
637572433 W-1_RB3+_S11_Backward 116.9 3.52381 42
637572437 W+0_RB3+_S11_Backward 116.9 3.52381 42
637572441 W+1_RB3+_S11_Backward 116.9 3.52381 42
637572445 W+2_RB3+_S11_Backward 116.9 3.52381 42
637572557 W-2_RB3+_S12_Backward 116.9 3.52381 42
637572561 W-1_RB3+_S12_Backward 116.9 3.52381 42
637572565 W+0_RB3+_S12_Backward 116.9 3.52381 42
637572569 W+1_RB3+_S12_Backward 116.9 3.52381 42
637572573 W+2_RB3+_S12_Backward 116.9 3.52381 42
