637569073 W-1_RB2out_S01_Backward 116.9 2.95238 84
637569077 W+0_RB2out_S01_Backward 116.9 2.95238 84
637569081 W+1_RB2out_S01_Backward 116.9 2.95238 84
637569201 W-1_RB2out_S02_Backward 116.9 2.95238 84
637569205 W+0_RB2out_S02_Backward 116.9 2.95238 84
637569209 W+1_RB2out_S02_Backward 116.9 2.95238 84
637569333 W+0_RB2out_S03_Backward 116.9 2.95238 84
637569337 W+1_RB2out_S03_Backward 116.9 2.95238 84
637569457 W-1_RB2out_S04_Backward 116.9 2.95238 84
637569461 W+0_RB2out_S04_Backward 116.9 2.95238 84
637569585 W-1_RB2out_S05_Backward 116.9 2.95238 84
637569589 W+0_RB2out_S05_Backward 116.9 2.95238 84
637569593 W+1_RB2out_S05_Backward 116.9 2.95238 84
637569713 W-1_RB2out_S06_Backward 116.9 2.95238 84
637569717 W+0_RB2out_S06_Backward 116.9 2.95238 84
637569721 W+1_RB2out_S06_Backward 116.9 2.95238 84
637569841 W-1_RB2out_S07_Backward 116.9 2.95238 84
637569845 W+0_RB2out_S07_Backward 116.9 2.95238 84
637569849 W+1_RB2out_S07_Backward 116.9 2.95238 84
637569969 W-1_RB2out_S08_Backward 116.9 2.95238 84
637569973 W+0_RB2out_S08_Backward 116.9 2.95238 84
637569977 W+1_RB2out_S08_Backward 116.9 2.95238 84
637570097 W-1_RB2out_S09_Backward 116.9 2.95238 84
637570101 W+0_RB2out_S09_Backward 116.9 2.95238 84
637570105 W+1_RB2out_S09_Backward 116.9 2.95238 84
637570225 W-1_RB2out_S10_Backward 116.9 2.95238 84
637570229 W+0_RB2out_S10_Backward 116.9 2.95238 84
637570233 W+1_RB2out_S10_Backward 116.9 2.95238 84
637570353 W-1_RB2out_S11_Backward 116.9 2.95238 84
637570357 W+0_RB2out_S11_Backward 116.9 2.95238 84
637570361 W+1_RB2out_S11_Backward 116.9 2.95238 84
637570481 W-1_RB2out_S12_Backward 116.9 2.95238 84
637570485 W+0_RB2out_S12_Backward 116.9 2.95238 84
637570489 W+1_RB2out_S12_Backward 116.9 2.95238 84
