637567021 W-2_RB2in_S01_Backward 116.9 2.75556 90
637567037 W+2_RB2in_S01_Backward 116.9 2.75556 90
637567149 W-2_RB2in_S02_Backward 116.9 2.75556 90
637567165 W+2_RB2in_S02_Backward 116.9 2.75556 90
637567277 W-2_RB2in_S03_Backward 116.9 2.75556 90
637567293 W+2_RB2in_S03_Backward 116.9 2.75556 90
637567405 W-2_RB2in_S04_Backward 116.9 2.75556 90
637567421 W+2_RB2in_S04_Backward 116.9 2.75556 90
637567533 W-2_RB2in_S05_Backward 116.9 2.75556 90
637567549 W+2_RB2in_S05_Backward 116.9 2.75556 90
637567661 W-2_RB2in_S06_Backward 116.9 2.75556 90
637567677 W+2_RB2in_S06_Backward 116.9 2.75556 90
637567789 W-2_RB2in_S07_Backward 116.9 2.75556 90
637567805 W+2_RB2in_S07_Backward 116.9 2.75556 90
637567917 W-2_RB2in_S08_Backward 116.9 2.75556 90
637567933 W+2_RB2in_S08_Backward 116.9 2.75556 90
637568045 W-2_RB2in_S09_Backward 116.9 2.75556 90
637568061 W+2_RB2in_S09_Backward 116.9 2.75556 90
637568173 W-2_RB2in_S10_Backward 116.9 2.75556 90
637568189 W+2_RB2in_S10_Backward 116.9 2.75556 90
637568301 W-2_RB2in_S11_Backward 116.9 2.75556 90
637568317 W+2_RB2in_S11_Backward 116.9 2.75556 90
637568429 W-2_RB2in_S12_Backward 116.9 2.75556 90
637568445 W+2_RB2in_S12_Backward 116.9 2.75556 90
