637567469 W-2_RB4--_S04_Backward 116.9 4.11111 36
637567473 W-1_RB4--_S04_Backward 116.9 4.11111 36
637567477 W+0_RB4--_S04_Backward 116.9 4.11111 36
637567485 W+2_RB4--_S04_Backward 116.9 4.11111 36
637568493 W-2_RB4-_S12_Backward 116.9 4.11111 36
637568497 W-1_RB4-_S12_Backward 116.9 4.11111 36
637568501 W+0_RB4-_S12_Backward 116.9 4.11111 36
637568505 W+1_RB4-_S12_Backward 116.9 4.11111 36
637568509 W+2_RB4-_S12_Backward 116.9 4.11111 36
637571565 W-2_RB4-_S04_Backward 116.9 4.11111 36
637571569 W-1_RB4-_S04_Backward 116.9 4.11111 36
637571573 W+0_RB4-_S04_Backward 116.9 4.11111 36
637571581 W+2_RB4-_S04_Backward 116.9 4.11111 36
637572077 W-2_RB4+_S08_Backward 116.9 4.11111 36
637572081 W-1_RB4+_S08_Backward 116.9 4.11111 36
637572085 W+0_RB4+_S08_Backward 116.9 4.11111 36
637572089 W+1_RB4+_S08_Backward 116.9 4.11111 36
637572093 W+2_RB4+_S08_Backward 116.9 4.11111 36
637575661 W-2_RB4+_S04_Backward 116.9 4.11111 36
637575665 W-1_RB4+_S04_Backward 116.9 4.11111 36
637575669 W+0_RB4+_S04_Backward 116.9 4.11111 36
637575677 W+2_RB4+_S04_Backward 116.9 4.11111 36
637579757 W-2_RB4++_S04_Backward 116.9 4.11111 36
637579761 W-1_RB4++_S04_Backward 116.9 4.11111 36
637579765 W+0_RB4++_S04_Backward 116.9 4.11111 36
637579773 W+2_RB4++_S04_Backward 116.9 4.11111 36
