637634609 W-1_RB2out_S01_Forward 125.2 2.95238 84
637634613 W+0_RB2out_S01_Forward 125.2 2.95238 84
637634617 W+1_RB2out_S01_Forward 125.2 2.95238 84
637634737 W-1_RB2out_S02_Forward 125.2 2.95238 84
637634741 W+0_RB2out_S02_Forward 125.2 2.95238 84
637634745 W+1_RB2out_S02_Forward 125.2 2.95238 84
637634869 W+0_RB2out_S03_Forward 125.2 2.95238 84
637634873 W+1_RB2out_S03_Forward 125.2 2.95238 84
637634993 W-1_RB2out_S04_Forward 125.2 2.95238 84
637634997 W+0_RB2out_S04_Forward 125.2 2.95238 84
637635121 W-1_RB2out_S05_Forward 125.2 2.95238 84
637635125 W+0_RB2out_S05_Forward 125.2 2.95238 84
637635129 W+1_RB2out_S05_Forward 125.2 2.95238 84
637635249 W-1_RB2out_S06_Forward 125.2 2.95238 84
637635253 W+0_RB2out_S06_Forward 125.2 2.95238 84
637635257 W+1_RB2out_S06_Forward 125.2 2.95238 84
637635377 W-1_RB2out_S07_Forward 125.2 2.95238 84
637635381 W+0_RB2out_S07_Forward 125.2 2.95238 84
637635385 W+1_RB2out_S07_Forward 125.2 2.95238 84
637635505 W-1_RB2out_S08_Forward 125.2 2.95238 84
637635509 W+0_RB2out_S08_Forward 125.2 2.95238 84
637635513 W+1_RB2out_S08_Forward 125.2 2.95238 84
637635633 W-1_RB2out_S09_Forward 125.2 2.95238 84
637635637 W+0_RB2out_S09_Forward 125.2 2.95238 84
637635641 W+1_RB2out_S09_Forward 125.2 2.95238 84
637635761 W-1_RB2out_S10_Forward 125.2 2.95238 84
637635765 W+0_RB2out_S10_Forward 125.2 2.95238 84
637635769 W+1_RB2out_S10_Forward 125.2 2.95238 84
637635889 W-1_RB2out_S11_Forward 125.2 2.95238 84
637635893 W+0_RB2out_S11_Forward 125.2 2.95238 84
637635897 W+1_RB2out_S11_Forward 125.2 2.95238 84
637636017 W-1_RB2out_S12_Forward 125.2 2.95238 84
637636021 W+0_RB2out_S12_Forward 125.2 2.95238 84
637636025 W+1_RB2out_S12_Forward 125.2 2.95238 84
