637632525 W-2_RB1in_S01_Forward 125.2 2.28889 90
637632529 W-1_RB1in_S01_Forward 125.2 2.28889 90
637632533 W+0_RB1in_S01_Forward 125.2 2.28889 90
637632537 W+1_RB1in_S01_Forward 125.2 2.28889 90
637632541 W+2_RB1in_S01_Forward 125.2 2.28889 90
637632653 W-2_RB1in_S02_Forward 125.2 2.28889 90
637632657 W-1_RB1in_S02_Forward 125.2 2.28889 90
637632661 W+0_RB1in_S02_Forward 125.2 2.28889 90
637632665 W+1_RB1in_S02_Forward 125.2 2.28889 90
637632669 W+2_RB1in_S02_Forward 125.2 2.28889 90
637632781 W-2_RB1in_S03_Forward 125.2 2.28889 90
637632789 W+0_RB1in_S03_Forward 125.2 2.28889 90
637632793 W+1_RB1in_S03_Forward 125.2 2.28889 90
637632797 W+2_RB1in_S03_Forward 125.2 2.28889 90
637632909 W-2_RB1in_S04_Forward 125.2 2.28889 90
637632913 W-1_RB1in_S04_Forward 125.2 2.28889 90
637632917 W+0_RB1in_S04_Forward 125.2 2.28889 90
637632925 W+2_RB1in_S04_Forward 125.2 2.28889 90
637633037 W-2_RB1in_S05_Forward 125.2 2.28889 90
637633041 W-1_RB1in_S05_Forward 125.2 2.28889 90
637633045 W+0_RB1in_S05_Forward 125.2 2.28889 90
637633049 W+1_RB1in_S05_Forward 125.2 2.28889 90
637633053 W+2_RB1in_S05_Forward 125.2 2.28889 90
637633165 W-2_RB1in_S06_Forward 125.2 2.28889 90
637633169 W-1_RB1in_S06_Forward 125.2 2.28889 90
637633173 W+0_RB1in_S06_Forward 125.2 2.28889 90
637633177 W+1_RB1in_S06_Forward 125.2 2.28889 90
637633181 W+2_RB1in_S06_Forward 125.2 2.28889 90
637633293 W-2_RB1in_S07_Forward 125.2 2.28889 90
637633297 W-1_RB1in_S07_Forward 125.2 2.28889 90
637633301 W+0_RB1in_S07_Forward 125.2 2.28889 90
637633305 W+1_RB1in_S07_Forward 125.2 2.28889 90
637633309 W+2_RB1in_S07_Forward 125.2 2.28889 90
637633421 W-2_RB1in_S08_Forward 125.2 2.28889 90
637633425 W-1_RB1in_S08_Forward 125.2 2.28889 90
637633429 W+0_RB1in_S08_Forward 125.2 2.28889 90
637633433 W+1_RB1in_S08_Forward 125.2 2.28889 90
637633437 W+2_RB1in_S08_Forward 125.2 2.28889 90
637633549 W-2_RB1in_S09_Forward 125.2 2.28889 90
637633553 W-1_RB1in_S09_Forward 125.2 2.28889 90
637633557 W+0_RB1in_S09_Forward 125.2 2.28889 90
637633561 W+1_RB1in_S09_Forward 125.2 2.28889 90
637633565 W+2_RB1in_S09_Forward 125.2 2.28889 90
637633677 W-2_RB1in_S10_Forward 125.2 2.28889 90
637633681 W-1_RB1in_S10_Forward 125.2 2.28889 90
637633685 W+0_RB1in_S10_Forward 125.2 2.28889 90
637633689 W+1_RB1in_S10_Forward 125.2 2.28889 90
637633693 W+2_RB1in_S10_Forward 125.2 2.28889 90
637633805 W-2_RB1in_S11_Forward 125.2 2.28889 90
637633809 W-1_RB1in_S11_Forward 125.2 2.28889 90
637633813 W+0_RB1in_S11_Forward 125.2 2.28889 90
637633817 W+1_RB1in_S11_Forward 125.2 2.28889 90
637633821 W+2_RB1in_S11_Forward 125.2 2.28889 90
637633933 W-2_RB1in_S12_Forward 125.2 2.28889 90
637633937 W-1_RB1in_S12_Forward 125.2 2.28889 90
637633941 W+0_RB1in_S12_Forward 125.2 2.28889 90
637633945 W+1_RB1in_S12_Forward 125.2 2.28889 90
637633949 W+2_RB1in_S12_Forward 125.2 2.28889 90
