637632589 W-2_RB3-_S01_Forward 125.2 3.52381 42
637632593 W-1_RB3-_S01_Forward 125.2 3.52381 42
637632597 W+0_RB3-_S01_Forward 125.2 3.52381 42
637632601 W+1_RB3-_S01_Forward 125.2 3.52381 42
637632605 W+2_RB3-_S01_Forward 125.2 3.52381 42
637632717 W-2_RB3-_S02_Forward 125.2 3.52381 42
637632721 W-1_RB3-_S02_Forward 125.2 3.52381 42
637632725 W+0_RB3-_S02_Forward 125.2 3.52381 42
637632729 W+1_RB3-_S02_Forward 125.2 3.52381 42
637632733 W+2_RB3-_S02_Forward 125.2 3.52381 42
637632845 W-2_RB3-_S03_Forward 125.2 3.52381 42
637632853 W+0_RB3-_S03_Forward 125.2 3.52381 42
637632857 W+1_RB3-_S03_Forward 125.2 3.52381 42
637632861 W+2_RB3-_S03_Forward 125.2 3.52381 42
637632973 W-2_RB3-_S04_Forward 125.2 3.52381 42
637632977 W-1_RB3-_S04_Forward 125.2 3.52381 42
637632981 W+0_RB3-_S04_Forward 125.2 3.52381 42
637632989 W+2_RB3-_S04_Forward 125.2 3.52381 42
637633101 W-2_RB3-_S05_Forward 125.2 3.52381 42
637633105 W-1_RB3-_S05_Forward 125.2 3.52381 42
637633109 W+0_RB3-_S05_Forward 125.2 3.52381 42
637633113 W+1_RB3-_S05_Forward 125.2 3.52381 42
637633117 W+2_RB3-_S05_Forward 125.2 3.52381 42
637633229 W-2_RB3-_S06_Forward 125.2 3.52381 42
637633233 W-1_RB3-_S06_Forward 125.2 3.52381 42
637633237 W+0_RB3-_S06_Forward 125.2 3.52381 42
637633241 W+1_RB3-_S06_Forward 125.2 3.52381 42
637633245 W+2_RB3-_S06_Forward 125.2 3.52381 42
637633357 W-2_RB3-_S07_Forward 125.2 3.52381 42
637633361 W-1_RB3-_S07_Forward 125.2 3.52381 42
637633365 W+0_RB3-_S07_Forward 125.2 3.52381 42
637633369 W+1_RB3-_S07_Forward 125.2 3.52381 42
637633373 W+2_RB3-_S07_Forward 125.2 3.52381 42
637633485 W-2_RB3-_S08_Forward 125.2 3.52381 42
637633489 W-1_RB3-_S08_Forward 125.2 3.52381 42
637633493 W+0_RB3-_S08_Forward 125.2 3.52381 42
637633497 W+1_RB3-_S08_Forward 125.2 3.52381 42
637633501 W+2_RB3-_S08_Forward 125.2 3.52381 42
637633613 W-2_RB3-_S09_Forward 125.2 3.52381 42
637633617 W-1_RB3-_S09_Forward 125.2 3.52381 42
637633621 W+0_RB3-_S09_Forward 125.2 3.52381 42
637633625 W+1_RB3-_S09_Forward 125.2 3.52381 42
637633629 W+2_RB3-_S09_Forward 125.2 3.52381 42
637633741 W-2_RB3-_S10_Forward 125.2 3.52381 42
637633745 W-1_RB3-_S10_Forward 125.2 3.52381 42
637633749 W+0_RB3-_S10_Forward 125.2 3.52381 42
637633753 W+1_RB3-_S10_Forward 125.2 3.52381 42
637633757 W+2_RB3-_S10_Forward 125.2 3.52381 42
637633869 W-2_RB3-_S11_Forward 125.2 3.52381 42
637633873 W-1_RB3-_S11_Forward 125.2 3.52381 42
637633877 W+0_RB3-_S11_Forward 125.2 3.52381 42
637633881 W+1_RB3-_S11_Forward 125.2 3.52381 42
637633885 W+2_RB3-_S11_Forward 125.2 3.52381 42
637633997 W-2_RB3-_S12_Forward 125.2 3.52381 42
637634001 W-1_RB3-_S12_Forward 125.2 3.52381 42
637634005 W+0_RB3-_S12_Forward 125.2 3.52381 42
637634009 W+1_RB3-_S12_Forward 125.2 3.52381 42
637634013 W+2_RB3-_S12_Forward 125.2 3.52381 42
637636685 W-2_RB3+_S01_Forward 125.2 3.52381 42
637636689 W-1_RB3+_S01_Forward 125.2 3.52381 42
637636693 W+0_RB3+_S01_Forward 125.2 3.52381 42
637636697 W+1_RB3+_S01_Forward 125.2 3.52381 42
637636701 W+2_RB3+_S01_Forward 125.2 3.52381 42
637636813 W-2_RB3+_S02_Forward 125.2 3.52381 42
637636817 W-1_RB3+_S02_Forward 125.2 3.52381 42
637636821 W+0_RB3+_S02_Forward 125.2 3.52381 42
637636825 W+1_RB3+_S02_Forward 125.2 3.52381 42
637636829 W+2_RB3+_S02_Forward 125.2 3.52381 42
637636941 W-2_RB3+_S03_Forward 125.2 3.52381 42
637636949 W+0_RB3+_S03_Forward 125.2 3.52381 42
637636953 W+1_RB3+_S03_Forward 125.2 3.52381 42
637636957 W+2_RB3+_S03_Forward 125.2 3.52381 42
637637069 W-2_RB3+_S04_Forward 125.2 3.52381 42
637637073 W-1_RB3+_S04_Forward 125.2 3.52381 42
637637077 W+0_RB3+_S04_Forward 125.2 3.52381 42
637637085 W+2_RB3+_S04_Forward 125.2 3.52381 42
637637197 W-2_RB3+_S05_Forward 125.2 3.52381 42
637637201 W-1_RB3+_S05_Forward 125.2 3.52381 42
637637205 W+0_RB3+_S05_Forward 125.2 3.52381 42
637637209 W+1_RB3+_S05_Forward 125.2 3.52381 42
637637213 W+2_RB3+_S05_Forward 125.2 3.52381 42
637637325 W-2_RB3+_S06_Forward 125.2 3.52381 42
637637329 W-1_RB3+_S06_Forward 125.2 3.52381 42
637637333 W+0_RB3+_S06_Forward 125.2 3.52381 42
637637337 W+1_RB3+_S06_Forward 125.2 3.52381 42
637637341 W+2_RB3+_S06_Forward 125.2 3.52381 42
637637453 W-2_RB3+_S07_Forward 125.2 3.52381 42
637637457 W-1_RB3+_S07_Forward 125.2 3.52381 42
637637461 W+0_RB3+_S07_Forward 125.2 3.52381 42
637637465 W+1_RB3+_S07_Forward 125.2 3.52381 42
637637469 W+2_RB3+_S07_Forward 125.2 3.52381 42
637637581 W-2_RB3+_S08_Forward 125.2 3.52381 42
637637585 W-1_RB3+_S08_Forward 125.2 3.52381 42
637637589 W+0_RB3+_S08_Forward 125.2 3.52381 42
637637593 W+1_RB3+_S08_Forward 125.2 3.52381 42
637637597 W+2_RB3+_S08_Forward 125.2 3.52381 42
637637709 W-2_RB3+_S09_Forward 125.2 3.52381 42
637637713 W-1_RB3+_S09_Forward 125.2 3.52381 42
637637717 W+0_RB3+_S09_Forward 125.2 3.52381 42
637637721 W+1_RB3+_S09_Forward 125.2 3.52381 42
637637725 W+2_RB3+_S09_Forward 125.2 3.52381 42
637637837 W-2_RB3+_S10_Forward 125.2 3.52381 42
637637841 W-1_RB3+_S10_Forward 125.2 3.52381 42
637637845 W+0_RB3+_S10_Forward 125.2 3.52381 42
637637849 W+1_RB3+_S10_Forward 125.2 3.52381 42
637637853 W+2_RB3+_S10_Forward 125.2 3.52381 42
637637965 W-2_RB3+_S11_Forward 125.2 3.52381 42
637637969 W-1_RB3+_S11_Forward 125.2 3.52381 42
637637973 W+0_RB3+_S11_Forward 125.2 3.52381 42
637637977 W+1_RB3+_S11_Forward 125.2 3.52381 42
637637981 W+2_RB3+_S11_Forward 125.2 3.52381 42
637638093 W-2_RB3+_S12_Forward 125.2 3.52381 42
637638097 W-1_RB3+_S12_Forward 125.2 3.52381 42
637638101 W+0_RB3+_S12_Forward 125.2 3.52381 42
637638105 W+1_RB3+_S12_Forward 125.2 3.52381 42
637638109 W+2_RB3+_S12_Forward 125.2 3.52381 42
