637633005 W-2_RB4--_S04_Forward 125.2 4.11111 36
637633009 W-1_RB4--_S04_Forward 125.2 4.11111 36
637633013 W+0_RB4--_S04_Forward 125.2 4.11111 36
637633021 W+2_RB4--_S04_Forward 125.2 4.11111 36
637634029 W-2_RB4-_S12_Forward 125.2 4.11111 36
637634033 W-1_RB4-_S12_Forward 125.2 4.11111 36
637634037 W+0_RB4-_S12_Forward 125.2 4.11111 36
637634041 W+1_RB4-_S12_Forward 125.2 4.11111 36
637634045 W+2_RB4-_S12_Forward 125.2 4.11111 36
637637101 W-2_RB4-_S04_Forward 125.2 4.11111 36
637637105 W-1_RB4-_S04_Forward 125.2 4.11111 36
637637109 W+0_RB4-_S04_Forward 125.2 4.11111 36
637637117 W+2_RB4-_S04_Forward 125.2 4.11111 36
637637613 W-2_RB4+_S08_Forward 125.2 4.11111 36
637637617 W-1_RB4+_S08_Forward 125.2 4.11111 36
637637621 W+0_RB4+_S08_Forward 125.2 4.11111 36
637637625 W+1_RB4+_S08_Forward 125.2 4.11111 36
637637629 W+2_RB4+_S08_Forward 125.2 4.11111 36
637641197 W-2_RB4+_S04_Forward 125.2 4.11111 36
637641201 W-1_RB4+_S04_Forward 125.2 4.11111 36
637641205 W+0_RB4+_S04_Forward 125.2 4.11111 36
637641213 W+2_RB4+_S04_Forward 125.2 4.11111 36
637645293 W-2_RB4++_S04_Forward 125.2 4.11111 36
637645297 W-1_RB4++_S04_Forward 125.2 4.11111 36
637645301 W+0_RB4++_S04_Forward 125.2 4.11111 36
637645309 W+2_RB4++_S04_Forward 125.2 4.11111 36
