637634573 W-2_RB1out_S01_Forward 125.2 2.45238 84
637634577 W-1_RB1out_S01_Forward 125.2 2.45238 84
637634581 W+0_RB1out_S01_Forward 125.2 2.45238 84
637634585 W+1_RB1out_S01_Forward 125.2 2.45238 84
637634589 W+2_RB1out_S01_Forward 125.2 2.45238 84
637634701 W-2_RB1out_S02_Forward 125.2 2.45238 84
637634705 W-1_RB1out_S02_Forward 125.2 2.45238 84
637634709 W+0_RB1out_S02_Forward 125.2 2.45238 84
637634713 W+1_RB1out_S02_Forward 125.2 2.45238 84
637634717 W+2_RB1out_S02_Forward 125.2 2.45238 84
637634829 W-2_RB1out_S03_Forward 125.2 2.45238 84
637634837 W+0_RB1out_S03_Forward 125.2 2.45238 84
637634841 W+1_RB1out_S03_Forward 125.2 2.45238 84
637634845 W+2_RB1out_S03_Forward 125.2 2.45238 84
637634957 W-2_RB1out_S04_Forward 125.2 2.45238 84
637634961 W-1_RB1out_S04_Forward 125.2 2.45238 84
637634965 W+0_RB1out_S04_Forward 125.2 2.45238 84
637634973 W+2_RB1out_S04_Forward 125.2 2.45238 84
637635085 W-2_RB1out_S05_Forward 125.2 2.45238 84
637635089 W-1_RB1out_S05_Forward 125.2 2.45238 84
637635093 W+0_RB1out_S05_Forward 125.2 2.45238 84
637635097 W+1_RB1out_S05_Forward 125.2 2.45238 84
637635101 W+2_RB1out_S05_Forward 125.2 2.45238 84
637635213 W-2_RB1out_S06_Forward 125.2 2.45238 84
637635217 W-1_RB1out_S06_Forward 125.2 2.45238 84
637635221 W+0_RB1out_S06_Forward 125.2 2.45238 84
637635225 W+1_RB1out_S06_Forward 125.2 2.45238 84
637635229 W+2_RB1out_S06_Forward 125.2 2.45238 84
637635341 W-2_RB1out_S07_Forward 125.2 2.45238 84
637635345 W-1_RB1out_S07_Forward 125.2 2.45238 84
637635349 W+0_RB1out_S07_Forward 125.2 2.45238 84
637635353 W+1_RB1out_S07_Forward 125.2 2.45238 84
637635357 W+2_RB1out_S07_Forward 125.2 2.45238 84
637635469 W-2_RB1out_S08_Forward 125.2 2.45238 84
637635473 W-1_RB1out_S08_Forward 125.2 2.45238 84
637635477 W+0_RB1out_S08_Forward 125.2 2.45238 84
637635481 W+1_RB1out_S08_Forward 125.2 2.45238 84
637635485 W+2_RB1out_S08_Forward 125.2 2.45238 84
637635597 W-2_RB1out_S09_Forward 125.2 2.45238 84
637635601 W-1_RB1out_S09_Forward 125.2 2.45238 84
637635605 W+0_RB1out_S09_Forward 125.2 2.45238 84
637635609 W+1_RB1out_S09_Forward 125.2 2.45238 84
637635613 W+2_RB1out_S09_Forward 125.2 2.45238 84
637635725 W-2_RB1out_S10_Forward 125.2 2.45238 84
637635729 W-1_RB1out_S10_Forward 125.2 2.45238 84
637635733 W+0_RB1out_S10_Forward 125.2 2.45238 84
637635737 W+1_RB1out_S10_Forward 125.2 2.45238 84
637635741 W+2_RB1out_S10_Forward 125.2 2.45238 84
637635853 W-2_RB1out_S11_Forward 125.2 2.45238 84
637635857 W-1_RB1out_S11_Forward 125.2 2.45238 84
637635861 W+0_RB1out_S11_Forward 125.2 2.45238 84
637635865 W+1_RB1out_S11_Forward 125.2 2.45238 84
637635869 W+2_RB1out_S11_Forward 125.2 2.45238 84
637635981 W-2_RB1out_S12_Forward 125.2 2.45238 84
637635985 W-1_RB1out_S12_Forward 125.2 2.45238 84
637635989 W+0_RB1out_S12_Forward 125.2 2.45238 84
637635993 W+1_RB1out_S12_Forward 125.2 2.45238 84
637635997 W+2_RB1out_S12_Forward 125.2 2.45238 84
