637632621 W-2_RB4-_S01_Forward 125.2 4.125 48
637632625 W-1_RB4-_S01_Forward 125.2 4.125 48
637632629 W+0_RB4-_S01_Forward 125.2 4.125 48
637632633 W+1_RB4-_S01_Forward 125.2 4.125 48
637632637 W+2_RB4-_S01_Forward 125.2 4.125 48
637632749 W-2_RB4-_S02_Forward 125.2 4.125 48
637632753 W-1_RB4-_S02_Forward 125.2 4.125 48
637632757 W+0_RB4-_S02_Forward 125.2 4.125 48
637632761 W+1_RB4-_S02_Forward 125.2 4.125 48
637632765 W+2_RB4-_S02_Forward 125.2 4.125 48
637632877 W-2_RB4-_S03_Forward 125.2 4.125 48
637632885 W+0_RB4-_S03_Forward 125.2 4.125 48
637632889 W+1_RB4-_S03_Forward 125.2 4.125 48
637632893 W+2_RB4-_S03_Forward 125.2 4.125 48
637633133 W-2_RB4-_S05_Forward 125.2 4.125 48
637633137 W-1_RB4-_S05_Forward 125.2 4.125 48
637633141 W+0_RB4-_S05_Forward 125.2 4.125 48
637633145 W+1_RB4-_S05_Forward 125.2 4.125 48
637633149 W+2_RB4-_S05_Forward 125.2 4.125 48
637633261 W-2_RB4-_S06_Forward 125.2 4.125 48
637633265 W-1_RB4-_S06_Forward 125.2 4.125 48
637633269 W+0_RB4-_S06_Forward 125.2 4.125 48
637633273 W+1_RB4-_S06_Forward 125.2 4.125 48
637633277 W+2_RB4-_S06_Forward 125.2 4.125 48
637633389 W-2_RB4-_S07_Forward 125.2 4.125 48
637633393 W-1_RB4-_S07_Forward 125.2 4.125 48
637633397 W+0_RB4-_S07_Forward 125.2 4.125 48
637633401 W+1_RB4-_S07_Forward 125.2 4.125 48
637633405 W+2_RB4-_S07_Forward 125.2 4.125 48
637633517 W-2_RB4-_S08_Forward 125.2 4.125 48
637633521 W-1_RB4-_S08_Forward 125.2 4.125 48
637633525 W+0_RB4-_S08_Forward 125.2 4.125 48
637633529 W+1_RB4-_S08_Forward 125.2 4.125 48
637633533 W+2_RB4-_S08_Forward 125.2 4.125 48
637633645 W-2_RB4_S09_Forward 125.2 4.125 48
637633649 W-1_RB4_S09_Forward 125.2 4.125 48
637633653 W+0_RB4_S09_Forward 125.2 4.125 48
637633657 W+1_RB4_S09_Forward 125.2 4.125 48
637633661 W+2_RB4_S09_Forward 125.2 4.125 48
637633901 W-2_RB4_S11_Forward 125.2 4.125 48
637633905 W-1_RB4_S11_Forward 125.2 4.125 48
637633909 W+0_RB4_S11_Forward 125.2 4.125 48
637633913 W+1_RB4_S11_Forward 125.2 4.125 48
637633917 W+2_RB4_S11_Forward 125.2 4.125 48
637636717 W-2_RB4+_S01_Forward 125.2 4.125 48
637636721 W-1_RB4+_S01_Forward 125.2 4.125 48
637636725 W+0_RB4+_S01_Forward 125.2 4.125 48
637636729 W+1_RB4+_S01_Forward 125.2 4.125 48
637636733 W+2_RB4+_S01_Forward 125.2 4.125 48
637636845 W-2_RB4+_S02_Forward 125.2 4.125 48
637636849 W-1_RB4+_S02_Forward 125.2 4.125 48
637636853 W+0_RB4+_S02_Forward 125.2 4.125 48
637636857 W+1_RB4+_S02_Forward 125.2 4.125 48
637636861 W+2_RB4+_S02_Forward 125.2 4.125 48
637636973 W-2_RB4+_S03_Forward 125.2 4.125 48
637636981 W+0_RB4+_S03_Forward 125.2 4.125 48
637636985 W+1_RB4+_S03_Forward 125.2 4.125 48
637636989 W+2_RB4+_S03_Forward 125.2 4.125 48
637637229 W-2_RB4+_S05_Forward 125.2 4.125 48
637637233 W-1_RB4+_S05_Forward 125.2 4.125 48
637637237 W+0_RB4+_S05_Forward 125.2 4.125 48
637637241 W+1_RB4+_S05_Forward 125.2 4.125 48
637637245 W+2_RB4+_S05_Forward 125.2 4.125 48
637637357 W-2_RB4+_S06_Forward 125.2 4.125 48
637637361 W-1_RB4+_S06_Forward 125.2 4.125 48
637637365 W+0_RB4+_S06_Forward 125.2 4.125 48
637637369 W+1_RB4+_S06_Forward 125.2 4.125 48
637637373 W+2_RB4+_S06_Forward 125.2 4.125 48
637637485 W-2_RB4+_S07_Forward 125.2 4.125 48
637637489 W-1_RB4+_S07_Forward 125.2 4.125 48
637637493 W+0_RB4+_S07_Forward 125.2 4.125 48
637637497 W+1_RB4+_S07_Forward 125.2 4.125 48
637637501 W+2_RB4+_S07_Forward 125.2 4.125 48
637638125 W-2_RB4+_S12_Forward 125.2 4.125 48
637638129 W-1_RB4+_S12_Forward 125.2 4.125 48
637638133 W+0_RB4+_S12_Forward 125.2 4.125 48
637638137 W+1_RB4+_S12_Forward 125.2 4.125 48
637638141 W+2_RB4+_S12_Forward 125.2 4.125 48
