637632557 W-2_RB2in_S01_Forward 125.2 2.75556 90
637632573 W+2_RB2in_S01_Forward 125.2 2.75556 90
637632685 W-2_RB2in_S02_Forward 125.2 2.75556 90
637632701 W+2_RB2in_S02_Forward 125.2 2.75556 90
637632813 W-2_RB2in_S03_Forward 125.2 2.75556 90
637632829 W+2_RB2in_S03_Forward 125.2 2.75556 90
637632941 W-2_RB2in_S04_Forward 125.2 2.75556 90
637632957 W+2_RB2in_S04_Forward 125.2 2.75556 90
637633069 W-2_RB2in_S05_Forward 125.2 2.75556 90
637633085 W+2_RB2in_S05_Forward 125.2 2.75556 90
637633197 W-2_RB2in_S06_Forward 125.2 2.75556 90
637633213 W+2_RB2in_S06_Forward 125.2 2.75556 90
637633325 W-2_RB2in_S07_Forward 125.2 2.75556 90
637633341 W+2_RB2in_S07_Forward 125.2 2.75556 90
637633453 W-2_RB2in_S08_Forward 125.2 2.75556 90
637633469 W+2_RB2in_S08_Forward 125.2 2.75556 90
637633581 W-2_RB2in_S09_Forward 125.2 2.75556 90
637633597 W+2_RB2in_S09_Forward 125.2 2.75556 90
637633709 W-2_RB2in_S10_Forward 125.2 2.75556 90
637633725 W+2_RB2in_S10_Forward 125.2 2.75556 90
637633837 W-2_RB2in_S11_Forward 125.2 2.75556 90
637633853 W+2_RB2in_S11_Forward 125.2 2.75556 90
637633965 W-2_RB2in_S12_Forward 125.2 2.75556 90
637633981 W+2_RB2in_S12_Forward 125.2 2.75556 90
