637566984 RE-1_R3_CH01_A 40.3 3.61625 32
637566986 RE+1_R3_CH01_A 40.3 3.61625 32
637567112 RE-1_R3_CH07_A 40.3 3.61625 32
637567114 RE+1_R3_CH07_A 40.3 3.61625 32
637567240 RE-1_R3_CH13_A 40.3 3.61625 32
637567242 RE+1_R3_CH13_A 40.3 3.61625 32
637567368 RE-1_R3_CH19_A 40.3 3.61625 32
637567370 RE+1_R3_CH19_A 40.3 3.61625 32
637567496 RE-1_R3_CH25_A 40.3 3.61625 32
637567498 RE+1_R3_CH25_A 40.3 3.61625 32
637567624 RE-1_R3_CH31_A 40.3 3.61625 32
637567626 RE+1_R3_CH31_A 40.3 3.61625 32
637571080 RE-1_R3_CH02_A 40.3 3.61625 32
637571082 RE+1_R3_CH02_A 40.3 3.61625 32
637571208 RE-1_R3_CH08_A 40.3 3.61625 32
637571210 RE+1_R3_CH08_A 40.3 3.61625 32
637571336 RE-1_R3_CH14_A 40.3 3.61625 32
637571338 RE+1_R3_CH14_A 40.3 3.61625 32
637571464 RE-1_R3_CH20_A 40.3 3.61625 32
637571466 RE+1_R3_CH20_A 40.3 3.61625 32
637571592 RE-1_R3_CH26_A 40.3 3.61625 32
637571594 RE+1_R3_CH26_A 40.3 3.61625 32
637571720 RE-1_R3_CH32_A 40.3 3.61625 32
637571722 RE+1_R3_CH32_A 40.3 3.61625 32
637575176 RE-1_R3_CH03_A 40.3 3.61625 32
637575178 RE+1_R3_CH03_A 40.3 3.61625 32
637575304 RE-1_R3_CH09_A 40.3 3.61625 32
637575306 RE+1_R3_CH09_A 40.3 3.61625 32
637575432 RE-1_R3_CH15_A 40.3 3.61625 32
637575434 RE+1_R3_CH15_A 40.3 3.61625 32
637575560 RE-1_R3_CH21_A 40.3 3.61625 32
637575562 RE+1_R3_CH21_A 40.3 3.61625 32
637575688 RE-1_R3_CH27_A 40.3 3.61625 32
637575690 RE+1_R3_CH27_A 40.3 3.61625 32
637575816 RE-1_R3_CH33_A 40.3 3.61625 32
637575818 RE+1_R3_CH33_A 40.3 3.61625 32
637579272 RE-1_R3_CH04_A 40.3 3.61625 32
637579274 RE+1_R3_CH04_A 40.3 3.61625 32
637579400 RE-1_R3_CH10_A 40.3 3.61625 32
637579402 RE+1_R3_CH10_A 40.3 3.61625 32
637579528 RE-1_R3_CH16_A 40.3 3.61625 32
637579530 RE+1_R3_CH16_A 40.3 3.61625 32
637579656 RE-1_R3_CH22_A 40.3 3.61625 32
637579658 RE+1_R3_CH22_A 40.3 3.61625 32
637579784 RE-1_R3_CH28_A 40.3 3.61625 32
637579786 RE+1_R3_CH28_A 40.3 3.61625 32
637579912 RE-1_R3_CH34_A 40.3 3.61625 32
637579914 RE+1_R3_CH34_A 40.3 3.61625 32
637583368 RE-1_R3_CH05_A 40.3 3.61625 32
637583370 RE+1_R3_CH05_A 40.3 3.61625 32
637583496 RE-1_R3_CH11_A 40.3 3.61625 32
637583498 RE+1_R3_CH11_A 40.3 3.61625 32
637583624 RE-1_R3_CH17_A 40.3 3.61625 32
637583626 RE+1_R3_CH17_A 40.3 3.61625 32
637583752 RE-1_R3_CH23_A 40.3 3.61625 32
637583754 RE+1_R3_CH23_A 40.3 3.61625 32
637583880 RE-1_R3_CH29_A 40.3 3.61625 32
637583882 RE+1_R3_CH29_A 40.3 3.61625 32
637584008 RE-1_R3_CH35_A 40.3 3.61625 32
637584010 RE+1_R3_CH35_A 40.3 3.61625 32
637587464 RE-1_R3_CH06_A 40.3 3.61625 32
637587466 RE+1_R3_CH06_A 40.3 3.61625 32
637587592 RE-1_R3_CH12_A 40.3 3.61625 32
637587594 RE+1_R3_CH12_A 40.3 3.61625 32
637587720 RE-1_R3_CH18_A 40.3 3.61625 32
637587722 RE+1_R3_CH18_A 40.3 3.61625 32
637587848 RE-1_R3_CH24_A 40.3 3.61625 32
637587850 RE+1_R3_CH24_A 40.3 3.61625 32
637587976 RE-1_R3_CH30_A 40.3 3.61625 32
637587978 RE+1_R3_CH30_A 40.3 3.61625 32
637588104 RE-1_R3_CH36_A 40.3 3.61625 32
637588106 RE+1_R3_CH36_A 40.3 3.61625 32
