637632548 RE-2_R2_CH01_C 47.9 1.94572 32
637632550 RE+2_R2_CH01_C 47.9 1.94572 32
637632676 RE-2_R2_CH07_C 47.9 1.94572 32
637632678 RE+2_R2_CH07_C 47.9 1.94572 32
637632804 RE-2_R2_CH13_C 47.9 1.94572 32
637632806 RE+2_R2_CH13_C 47.9 1.94572 32
637632932 RE-2_R2_CH19_C 47.9 1.94572 32
637632934 RE+2_R2_CH19_C 47.9 1.94572 32
637633060 RE-2_R2_CH25_C 47.9 1.94572 32
637633062 RE+2_R2_CH25_C 47.9 1.94572 32
637633188 RE-2_R2_CH31_C 47.9 1.94572 32
637633190 RE+2_R2_CH31_C 47.9 1.94572 32
637636644 RE-2_R2_CH02_C 47.9 1.94572 32
637636646 RE+2_R2_CH02_C 47.9 1.94572 32
637636772 RE-2_R2_CH08_C 47.9 1.94572 32
637636774 RE+2_R2_CH08_C 47.9 1.94572 32
637636900 RE-2_R2_CH14_C 47.9 1.94572 32
637636902 RE+2_R2_CH14_C 47.9 1.94572 32
637637028 RE-2_R2_CH20_C 47.9 1.94572 32
637637030 RE+2_R2_CH20_C 47.9 1.94572 32
637637156 RE-2_R2_CH26_C 47.9 1.94572 32
637637158 RE+2_R2_CH26_C 47.9 1.94572 32
637637284 RE-2_R2_CH32_C 47.9 1.94572 32
637637286 RE+2_R2_CH32_C 47.9 1.94572 32
637640740 RE-2_R2_CH03_C 47.9 1.94572 32
637640742 RE+2_R2_CH03_C 47.9 1.94572 32
637640868 RE-2_R2_CH09_C 47.9 1.94572 32
637640870 RE+2_R2_CH09_C 47.9 1.94572 32
637640996 RE-2_R2_CH15_C 47.9 1.94572 32
637640998 RE+2_R2_CH15_C 47.9 1.94572 32
637641124 RE-2_R2_CH21_C 47.9 1.94572 32
637641126 RE+2_R2_CH21_C 47.9 1.94572 32
637641252 RE-2_R2_CH27_C 47.9 1.94572 32
637641254 RE+2_R2_CH27_C 47.9 1.94572 32
637641380 RE-2_R2_CH33_C 47.9 1.94572 32
637641382 RE+2_R2_CH33_C 47.9 1.94572 32
637644836 RE-2_R2_CH04_C 47.9 1.94572 32
637644838 RE+2_R2_CH04_C 47.9 1.94572 32
637644964 RE-2_R2_CH10_C 47.9 1.94572 32
637644966 RE+2_R2_CH10_C 47.9 1.94572 32
637645092 RE-2_R2_CH16_C 47.9 1.94572 32
637645094 RE+2_R2_CH16_C 47.9 1.94572 32
637645220 RE-2_R2_CH22_C 47.9 1.94572 32
637645222 RE+2_R2_CH22_C 47.9 1.94572 32
637645348 RE-2_R2_CH28_C 47.9 1.94572 32
637645350 RE+2_R2_CH28_C 47.9 1.94572 32
637645476 RE-2_R2_CH34_C 47.9 1.94572 32
637645478 RE+2_R2_CH34_C 47.9 1.94572 32
637648932 RE-2_R2_CH05_C 47.9 1.94572 32
637648934 RE+2_R2_CH05_C 47.9 1.94572 32
637649060 RE-2_R2_CH11_C 47.9 1.94572 32
637649062 RE+2_R2_CH11_C 47.9 1.94572 32
637649188 RE-2_R2_CH17_C 47.9 1.94572 32
637649190 RE+2_R2_CH17_C 47.9 1.94572 32
637649316 RE-2_R2_CH23_C 47.9 1.94572 32
637649318 RE+2_R2_CH23_C 47.9 1.94572 32
637649444 RE-2_R2_CH29_C 47.9 1.94572 32
637649446 RE+2_R2_CH29_C 47.9 1.94572 32
637649572 RE-2_R2_CH35_C 47.9 1.94572 32
637649574 RE+2_R2_CH35_C 47.9 1.94572 32
637653028 RE-2_R2_CH06_C 47.9 1.94572 32
637653030 RE+2_R2_CH06_C 47.9 1.94572 32
637653156 RE-2_R2_CH12_C 47.9 1.94572 32
637653158 RE+2_R2_CH12_C 47.9 1.94572 32
637653284 RE-2_R2_CH18_C 47.9 1.94572 32
637653286 RE+2_R2_CH18_C 47.9 1.94572 32
637653412 RE-2_R2_CH24_C 47.9 1.94572 32
637653414 RE+2_R2_CH24_C 47.9 1.94572 32
637653540 RE-2_R2_CH30_C 47.9 1.94572 32
637653542 RE+2_R2_CH30_C 47.9 1.94572 32
637653668 RE-2_R2_CH36_C 47.9 1.94572 32
637653670 RE+2_R2_CH36_C 47.9 1.94572 32
637632580 RE-3_R2_CH01_C 47.9 1.94572 32
637632582 RE+3_R2_CH01_C 47.9 1.94572 32
637632708 RE-3_R2_CH07_C 47.9 1.94572 32
637632710 RE+3_R2_CH07_C 47.9 1.94572 32
637632836 RE-3_R2_CH13_C 47.9 1.94572 32
637632838 RE+3_R2_CH13_C 47.9 1.94572 32
637632964 RE-3_R2_CH19_C 47.9 1.94572 32
637632966 RE+3_R2_CH19_C 47.9 1.94572 32
637633092 RE-3_R2_CH25_C 47.9 1.94572 32
637633094 RE+3_R2_CH25_C 47.9 1.94572 32
637633220 RE-3_R2_CH31_C 47.9 1.94572 32
637633222 RE+3_R2_CH31_C 47.9 1.94572 32
637636676 RE-3_R2_CH02_C 47.9 1.94572 32
637636678 RE+3_R2_CH02_C 47.9 1.94572 32
637636804 RE-3_R2_CH08_C 47.9 1.94572 32
637636806 RE+3_R2_CH08_C 47.9 1.94572 32
637636932 RE-3_R2_CH14_C 47.9 1.94572 32
637636934 RE+3_R2_CH14_C 47.9 1.94572 32
637637060 RE-3_R2_CH20_C 47.9 1.94572 32
637637062 RE+3_R2_CH20_C 47.9 1.94572 32
637637188 RE-3_R2_CH26_C 47.9 1.94572 32
637637190 RE+3_R2_CH26_C 47.9 1.94572 32
637637316 RE-3_R2_CH32_C 47.9 1.94572 32
637637318 RE+3_R2_CH32_C 47.9 1.94572 32
637640772 RE-3_R2_CH03_C 47.9 1.94572 32
637640774 RE+3_R2_CH03_C 47.9 1.94572 32
637640900 RE-3_R2_CH09_C 47.9 1.94572 32
637640902 RE+3_R2_CH09_C 47.9 1.94572 32
637641028 RE-3_R2_CH15_C 47.9 1.94572 32
637641030 RE+3_R2_CH15_C 47.9 1.94572 32
637641156 RE-3_R2_CH21_C 47.9 1.94572 32
637641158 RE+3_R2_CH21_C 47.9 1.94572 32
637641284 RE-3_R2_CH27_C 47.9 1.94572 32
637641286 RE+3_R2_CH27_C 47.9 1.94572 32
637641412 RE-3_R2_CH33_C 47.9 1.94572 32
637641414 RE+3_R2_CH33_C 47.9 1.94572 32
637644868 RE-3_R2_CH04_C 47.9 1.94572 32
637644870 RE+3_R2_CH04_C 47.9 1.94572 32
637644996 RE-3_R2_CH10_C 47.9 1.94572 32
637644998 RE+3_R2_CH10_C 47.9 1.94572 32
637645124 RE-3_R2_CH16_C 47.9 1.94572 32
637645126 RE+3_R2_CH16_C 47.9 1.94572 32
637645252 RE-3_R2_CH22_C 47.9 1.94572 32
637645254 RE+3_R2_CH22_C 47.9 1.94572 32
637645380 RE-3_R2_CH28_C 47.9 1.94572 32
637645382 RE+3_R2_CH28_C 47.9 1.94572 32
637645508 RE-3_R2_CH34_C 47.9 1.94572 32
637645510 RE+3_R2_CH34_C 47.9 1.94572 32
637648964 RE-3_R2_CH05_C 47.9 1.94572 32
637648966 RE+3_R2_CH05_C 47.9 1.94572 32
637649092 RE-3_R2_CH11_C 47.9 1.94572 32
637649094 RE+3_R2_CH11_C 47.9 1.94572 32
637649220 RE-3_R2_CH17_C 47.9 1.94572 32
637649222 RE+3_R2_CH17_C 47.9 1.94572 32
637649348 RE-3_R2_CH23_C 47.9 1.94572 32
637649350 RE+3_R2_CH23_C 47.9 1.94572 32
637649476 RE-3_R2_CH29_C 47.9 1.94572 32
637649478 RE+3_R2_CH29_C 47.9 1.94572 32
637649604 RE-3_R2_CH35_C 47.9 1.94572 32
637649606 RE+3_R2_CH35_C 47.9 1.94572 32
637653060 RE-3_R2_CH06_C 47.9 1.94572 32
637653062 RE+3_R2_CH06_C 47.9 1.94572 32
637653188 RE-3_R2_CH12_C 47.9 1.94572 32
637653190 RE+3_R2_CH12_C 47.9 1.94572 32
637653316 RE-3_R2_CH18_C 47.9 1.94572 32
637653318 RE+3_R2_CH18_C 47.9 1.94572 32
637653444 RE-3_R2_CH24_C 47.9 1.94572 32
637653446 RE+3_R2_CH24_C 47.9 1.94572 32
637653572 RE-3_R2_CH30_C 47.9 1.94572 32
637653574 RE+3_R2_CH30_C 47.9 1.94572 32
637653700 RE-3_R2_CH36_C 47.9 1.94572 32
637653702 RE+3_R2_CH36_C 47.9 1.94572 32
