637599748 RE-1_R2_CH01_B 49 2.09312 32
637599750 RE+1_R2_CH01_B 49 2.09312 32
637599876 RE-1_R2_CH07_B 49 2.09312 32
637599878 RE+1_R2_CH07_B 49 2.09312 32
637600004 RE-1_R2_CH13_B 49 2.09312 32
637600006 RE+1_R2_CH13_B 49 2.09312 32
637600132 RE-1_R2_CH19_B 49 2.09312 32
637600134 RE+1_R2_CH19_B 49 2.09312 32
637600260 RE-1_R2_CH25_B 49 2.09312 32
637600262 RE+1_R2_CH25_B 49 2.09312 32
637600388 RE-1_R2_CH31_B 49 2.09312 32
637600390 RE+1_R2_CH31_B 49 2.09312 32
637603844 RE-1_R2_CH02_B 49 2.09312 32
637603846 RE+1_R2_CH02_B 49 2.09312 32
637603972 RE-1_R2_CH08_B 49 2.09312 32
637603974 RE+1_R2_CH08_B 49 2.09312 32
637604100 RE-1_R2_CH14_B 49 2.09312 32
637604102 RE+1_R2_CH14_B 49 2.09312 32
637604228 RE-1_R2_CH20_B 49 2.09312 32
637604230 RE+1_R2_CH20_B 49 2.09312 32
637604356 RE-1_R2_CH26_B 49 2.09312 32
637604358 RE+1_R2_CH26_B 49 2.09312 32
637604484 RE-1_R2_CH32_B 49 2.09312 32
637604486 RE+1_R2_CH32_B 49 2.09312 32
637607940 RE-1_R2_CH03_B 49 2.09312 32
637607942 RE+1_R2_CH03_B 49 2.09312 32
637608068 RE-1_R2_CH09_B 49 2.09312 32
637608070 RE+1_R2_CH09_B 49 2.09312 32
637608196 RE-1_R2_CH15_B 49 2.09312 32
637608198 RE+1_R2_CH15_B 49 2.09312 32
637608324 RE-1_R2_CH21_B 49 2.09312 32
637608326 RE+1_R2_CH21_B 49 2.09312 32
637608452 RE-1_R2_CH27_B 49 2.09312 32
637608454 RE+1_R2_CH27_B 49 2.09312 32
637608580 RE-1_R2_CH33_B 49 2.09312 32
637608582 RE+1_R2_CH33_B 49 2.09312 32
637612036 RE-1_R2_CH04_B 49 2.09312 32
637612038 RE+1_R2_CH04_B 49 2.09312 32
637612164 RE-1_R2_CH10_B 49 2.09312 32
637612166 RE+1_R2_CH10_B 49 2.09312 32
637612292 RE-1_R2_CH16_B 49 2.09312 32
637612294 RE+1_R2_CH16_B 49 2.09312 32
637612420 RE-1_R2_CH22_B 49 2.09312 32
637612422 RE+1_R2_CH22_B 49 2.09312 32
637612548 RE-1_R2_CH28_B 49 2.09312 32
637612550 RE+1_R2_CH28_B 49 2.09312 32
637612676 RE-1_R2_CH34_B 49 2.09312 32
637612678 RE+1_R2_CH34_B 49 2.09312 32
637616132 RE-1_R2_CH05_B 49 2.09312 32
637616134 RE+1_R2_CH05_B 49 2.09312 32
637616260 RE-1_R2_CH11_B 49 2.09312 32
637616262 RE+1_R2_CH11_B 49 2.09312 32
637616388 RE-1_R2_CH17_B 49 2.09312 32
637616390 RE+1_R2_CH17_B 49 2.09312 32
637616516 RE-1_R2_CH23_B 49 2.09312 32
637616518 RE+1_R2_CH23_B 49 2.09312 32
637616644 RE-1_R2_CH29_B 49 2.09312 32
637616646 RE+1_R2_CH29_B 49 2.09312 32
637616772 RE-1_R2_CH35_B 49 2.09312 32
637616774 RE+1_R2_CH35_B 49 2.09312 32
637620228 RE-1_R2_CH06_B 49 2.09312 32
637620230 RE+1_R2_CH06_B 49 2.09312 32
637620356 RE-1_R2_CH12_B 49 2.09312 32
637620358 RE+1_R2_CH12_B 49 2.09312 32
637620484 RE-1_R2_CH18_B 49 2.09312 32
637620486 RE+1_R2_CH18_B 49 2.09312 32
637620612 RE-1_R2_CH24_B 49 2.09312 32
637620614 RE+1_R2_CH24_B 49 2.09312 32
637620740 RE-1_R2_CH30_B 49 2.09312 32
637620742 RE+1_R2_CH30_B 49 2.09312 32
637620868 RE-1_R2_CH36_B 49 2.09312 32
637620870 RE+1_R2_CH36_B 49 2.09312 32
