637567016 RE-2_R3_CH01_A 51.9 3.65066 32
637567018 RE+2_R3_CH01_A 51.9 3.65066 32
637567144 RE-2_R3_CH07_A 51.9 3.65066 32
637567146 RE+2_R3_CH07_A 51.9 3.65066 32
637567272 RE-2_R3_CH13_A 51.9 3.65066 32
637567274 RE+2_R3_CH13_A 51.9 3.65066 32
637567400 RE-2_R3_CH19_A 51.9 3.65066 32
637567402 RE+2_R3_CH19_A 51.9 3.65066 32
637567528 RE-2_R3_CH25_A 51.9 3.65066 32
637567530 RE+2_R3_CH25_A 51.9 3.65066 32
637567656 RE-2_R3_CH31_A 51.9 3.65066 32
637567658 RE+2_R3_CH31_A 51.9 3.65066 32
637571112 RE-2_R3_CH02_A 51.9 3.65066 32
637571114 RE+2_R3_CH02_A 51.9 3.65066 32
637571240 RE-2_R3_CH08_A 51.9 3.65066 32
637571242 RE+2_R3_CH08_A 51.9 3.65066 32
637571368 RE-2_R3_CH14_A 51.9 3.65066 32
637571370 RE+2_R3_CH14_A 51.9 3.65066 32
637571496 RE-2_R3_CH20_A 51.9 3.65066 32
637571498 RE+2_R3_CH20_A 51.9 3.65066 32
637571624 RE-2_R3_CH26_A 51.9 3.65066 32
637571626 RE+2_R3_CH26_A 51.9 3.65066 32
637571752 RE-2_R3_CH32_A 51.9 3.65066 32
637571754 RE+2_R3_CH32_A 51.9 3.65066 32
637575208 RE-2_R3_CH03_A 51.9 3.65066 32
637575210 RE+2_R3_CH03_A 51.9 3.65066 32
637575336 RE-2_R3_CH09_A 51.9 3.65066 32
637575338 RE+2_R3_CH09_A 51.9 3.65066 32
637575464 RE-2_R3_CH15_A 51.9 3.65066 32
637575466 RE+2_R3_CH15_A 51.9 3.65066 32
637575592 RE-2_R3_CH21_A 51.9 3.65066 32
637575594 RE+2_R3_CH21_A 51.9 3.65066 32
637575720 RE-2_R3_CH27_A 51.9 3.65066 32
637575722 RE+2_R3_CH27_A 51.9 3.65066 32
637575848 RE-2_R3_CH33_A 51.9 3.65066 32
637575850 RE+2_R3_CH33_A 51.9 3.65066 32
637579304 RE-2_R3_CH04_A 51.9 3.65066 32
637579306 RE+2_R3_CH04_A 51.9 3.65066 32
637579432 RE-2_R3_CH10_A 51.9 3.65066 32
637579434 RE+2_R3_CH10_A 51.9 3.65066 32
637579560 RE-2_R3_CH16_A 51.9 3.65066 32
637579562 RE+2_R3_CH16_A 51.9 3.65066 32
637579688 RE-2_R3_CH22_A 51.9 3.65066 32
637579690 RE+2_R3_CH22_A 51.9 3.65066 32
637579816 RE-2_R3_CH28_A 51.9 3.65066 32
637579818 RE+2_R3_CH28_A 51.9 3.65066 32
637579944 RE-2_R3_CH34_A 51.9 3.65066 32
637579946 RE+2_R3_CH34_A 51.9 3.65066 32
637583400 RE-2_R3_CH05_A 51.9 3.65066 32
637583402 RE+2_R3_CH05_A 51.9 3.65066 32
637583528 RE-2_R3_CH11_A 51.9 3.65066 32
637583530 RE+2_R3_CH11_A 51.9 3.65066 32
637583656 RE-2_R3_CH17_A 51.9 3.65066 32
637583658 RE+2_R3_CH17_A 51.9 3.65066 32
637583784 RE-2_R3_CH23_A 51.9 3.65066 32
637583786 RE+2_R3_CH23_A 51.9 3.65066 32
637583912 RE-2_R3_CH29_A 51.9 3.65066 32
637583914 RE+2_R3_CH29_A 51.9 3.65066 32
637584040 RE-2_R3_CH35_A 51.9 3.65066 32
637584042 RE+2_R3_CH35_A 51.9 3.65066 32
637587496 RE-2_R3_CH06_A 51.9 3.65066 32
637587498 RE+2_R3_CH06_A 51.9 3.65066 32
637587624 RE-2_R3_CH12_A 51.9 3.65066 32
637587626 RE+2_R3_CH12_A 51.9 3.65066 32
637587752 RE-2_R3_CH18_A 51.9 3.65066 32
637587754 RE+2_R3_CH18_A 51.9 3.65066 32
637587880 RE-2_R3_CH24_A 51.9 3.65066 32
637587882 RE+2_R3_CH24_A 51.9 3.65066 32
637588008 RE-2_R3_CH30_A 51.9 3.65066 32
637588010 RE+2_R3_CH30_A 51.9 3.65066 32
637588136 RE-2_R3_CH36_A 51.9 3.65066 32
637588138 RE+2_R3_CH36_A 51.9 3.65066 32
637567048 RE-3_R3_CH01_A 51.9 3.65066 32
637567050 RE+3_R3_CH01_A 51.9 3.65066 32
637567176 RE-3_R3_CH07_A 51.9 3.65066 32
637567178 RE+3_R3_CH07_A 51.9 3.65066 32
637567304 RE-3_R3_CH13_A 51.9 3.65066 32
637567306 RE+3_R3_CH13_A 51.9 3.65066 32
637567432 RE-3_R3_CH19_A 51.9 3.65066 32
637567434 RE+3_R3_CH19_A 51.9 3.65066 32
637567560 RE-3_R3_CH25_A 51.9 3.65066 32
637567562 RE+3_R3_CH25_A 51.9 3.65066 32
637567688 RE-3_R3_CH31_A 51.9 3.65066 32
637567690 RE+3_R3_CH31_A 51.9 3.65066 32
637571144 RE-3_R3_CH02_A 51.9 3.65066 32
637571146 RE+3_R3_CH02_A 51.9 3.65066 32
637571272 RE-3_R3_CH08_A 51.9 3.65066 32
637571274 RE+3_R3_CH08_A 51.9 3.65066 32
637571400 RE-3_R3_CH14_A 51.9 3.65066 32
637571402 RE+3_R3_CH14_A 51.9 3.65066 32
637571528 RE-3_R3_CH20_A 51.9 3.65066 32
637571530 RE+3_R3_CH20_A 51.9 3.65066 32
637571656 RE-3_R3_CH26_A 51.9 3.65066 32
637571658 RE+3_R3_CH26_A 51.9 3.65066 32
637571784 RE-3_R3_CH32_A 51.9 3.65066 32
637571786 RE+3_R3_CH32_A 51.9 3.65066 32
637575240 RE-3_R3_CH03_A 51.9 3.65066 32
637575242 RE+3_R3_CH03_A 51.9 3.65066 32
637575368 RE-3_R3_CH09_A 51.9 3.65066 32
637575370 RE+3_R3_CH09_A 51.9 3.65066 32
637575496 RE-3_R3_CH15_A 51.9 3.65066 32
637575498 RE+3_R3_CH15_A 51.9 3.65066 32
637575624 RE-3_R3_CH21_A 51.9 3.65066 32
637575626 RE+3_R3_CH21_A 51.9 3.65066 32
637575752 RE-3_R3_CH27_A 51.9 3.65066 32
637575754 RE+3_R3_CH27_A 51.9 3.65066 32
637575880 RE-3_R3_CH33_A 51.9 3.65066 32
637575882 RE+3_R3_CH33_A 51.9 3.65066 32
637579336 RE-3_R3_CH04_A 51.9 3.65066 32
637579338 RE+3_R3_CH04_A 51.9 3.65066 32
637579464 RE-3_R3_CH10_A 51.9 3.65066 32
637579466 RE+3_R3_CH10_A 51.9 3.65066 32
637579592 RE-3_R3_CH16_A 51.9 3.65066 32
637579594 RE+3_R3_CH16_A 51.9 3.65066 32
637579720 RE-3_R3_CH22_A 51.9 3.65066 32
637579722 RE+3_R3_CH22_A 51.9 3.65066 32
637579848 RE-3_R3_CH28_A 51.9 3.65066 32
637579850 RE+3_R3_CH28_A 51.9 3.65066 32
637579976 RE-3_R3_CH34_A 51.9 3.65066 32
637579978 RE+3_R3_CH34_A 51.9 3.65066 32
637583432 RE-3_R3_CH05_A 51.9 3.65066 32
637583434 RE+3_R3_CH05_A 51.9 3.65066 32
637583560 RE-3_R3_CH11_A 51.9 3.65066 32
637583562 RE+3_R3_CH11_A 51.9 3.65066 32
637583688 RE-3_R3_CH17_A 51.9 3.65066 32
637583690 RE+3_R3_CH17_A 51.9 3.65066 32
637583816 RE-3_R3_CH23_A 51.9 3.65066 32
637583818 RE+3_R3_CH23_A 51.9 3.65066 32
637583944 RE-3_R3_CH29_A 51.9 3.65066 32
637583946 RE+3_R3_CH29_A 51.9 3.65066 32
637584072 RE-3_R3_CH35_A 51.9 3.65066 32
637584074 RE+3_R3_CH35_A 51.9 3.65066 32
637587528 RE-3_R3_CH06_A 51.9 3.65066 32
637587530 RE+3_R3_CH06_A 51.9 3.65066 32
637587656 RE-3_R3_CH12_A 51.9 3.65066 32
637587658 RE+3_R3_CH12_A 51.9 3.65066 32
637587784 RE-3_R3_CH18_A 51.9 3.65066 32
637587786 RE+3_R3_CH18_A 51.9 3.65066 32
637587912 RE-3_R3_CH24_A 51.9 3.65066 32
637587914 RE+3_R3_CH24_A 51.9 3.65066 32
637588040 RE-3_R3_CH30_A 51.9 3.65066 32
637588042 RE+3_R3_CH30_A 51.9 3.65066 32
637588168 RE-3_R3_CH36_A 51.9 3.65066 32
637588170 RE+3_R3_CH36_A 51.9 3.65066 32
