637566980 RE-1_R2_CH01_A 53.5 2.37878 32
637566982 RE+1_R2_CH01_A 53.5 2.37878 32
637567108 RE-1_R2_CH07_A 53.5 2.37878 32
637567110 RE+1_R2_CH07_A 53.5 2.37878 32
637567236 RE-1_R2_CH13_A 53.5 2.37878 32
637567238 RE+1_R2_CH13_A 53.5 2.37878 32
637567364 RE-1_R2_CH19_A 53.5 2.37878 32
637567366 RE+1_R2_CH19_A 53.5 2.37878 32
637567492 RE-1_R2_CH25_A 53.5 2.37878 32
637567494 RE+1_R2_CH25_A 53.5 2.37878 32
637567620 RE-1_R2_CH31_A 53.5 2.37878 32
637567622 RE+1_R2_CH31_A 53.5 2.37878 32
637571076 RE-1_R2_CH02_A 53.5 2.37878 32
637571078 RE+1_R2_CH02_A 53.5 2.37878 32
637571204 RE-1_R2_CH08_A 53.5 2.37878 32
637571206 RE+1_R2_CH08_A 53.5 2.37878 32
637571332 RE-1_R2_CH14_A 53.5 2.37878 32
637571334 RE+1_R2_CH14_A 53.5 2.37878 32
637571460 RE-1_R2_CH20_A 53.5 2.37878 32
637571462 RE+1_R2_CH20_A 53.5 2.37878 32
637571588 RE-1_R2_CH26_A 53.5 2.37878 32
637571590 RE+1_R2_CH26_A 53.5 2.37878 32
637571716 RE-1_R2_CH32_A 53.5 2.37878 32
637571718 RE+1_R2_CH32_A 53.5 2.37878 32
637575172 RE-1_R2_CH03_A 53.5 2.37878 32
637575174 RE+1_R2_CH03_A 53.5 2.37878 32
637575300 RE-1_R2_CH09_A 53.5 2.37878 32
637575302 RE+1_R2_CH09_A 53.5 2.37878 32
637575428 RE-1_R2_CH15_A 53.5 2.37878 32
637575430 RE+1_R2_CH15_A 53.5 2.37878 32
637575556 RE-1_R2_CH21_A 53.5 2.37878 32
637575558 RE+1_R2_CH21_A 53.5 2.37878 32
637575684 RE-1_R2_CH27_A 53.5 2.37878 32
637575686 RE+1_R2_CH27_A 53.5 2.37878 32
637575812 RE-1_R2_CH33_A 53.5 2.37878 32
637575814 RE+1_R2_CH33_A 53.5 2.37878 32
637579268 RE-1_R2_CH04_A 53.5 2.37878 32
637579270 RE+1_R2_CH04_A 53.5 2.37878 32
637579396 RE-1_R2_CH10_A 53.5 2.37878 32
637579398 RE+1_R2_CH10_A 53.5 2.37878 32
637579524 RE-1_R2_CH16_A 53.5 2.37878 32
637579526 RE+1_R2_CH16_A 53.5 2.37878 32
637579652 RE-1_R2_CH22_A 53.5 2.37878 32
637579654 RE+1_R2_CH22_A 53.5 2.37878 32
637579780 RE-1_R2_CH28_A 53.5 2.37878 32
637579782 RE+1_R2_CH28_A 53.5 2.37878 32
637579908 RE-1_R2_CH34_A 53.5 2.37878 32
637579910 RE+1_R2_CH34_A 53.5 2.37878 32
637583364 RE-1_R2_CH05_A 53.5 2.37878 32
637583366 RE+1_R2_CH05_A 53.5 2.37878 32
637583492 RE-1_R2_CH11_A 53.5 2.37878 32
637583494 RE+1_R2_CH11_A 53.5 2.37878 32
637583620 RE-1_R2_CH17_A 53.5 2.37878 32
637583622 RE+1_R2_CH17_A 53.5 2.37878 32
637583748 RE-1_R2_CH23_A 53.5 2.37878 32
637583750 RE+1_R2_CH23_A 53.5 2.37878 32
637583876 RE-1_R2_CH29_A 53.5 2.37878 32
637583878 RE+1_R2_CH29_A 53.5 2.37878 32
637584004 RE-1_R2_CH35_A 53.5 2.37878 32
637584006 RE+1_R2_CH35_A 53.5 2.37878 32
637587460 RE-1_R2_CH06_A 53.5 2.37878 32
637587462 RE+1_R2_CH06_A 53.5 2.37878 32
637587588 RE-1_R2_CH12_A 53.5 2.37878 32
637587590 RE+1_R2_CH12_A 53.5 2.37878 32
637587716 RE-1_R2_CH18_A 53.5 2.37878 32
637587718 RE+1_R2_CH18_A 53.5 2.37878 32
637587844 RE-1_R2_CH24_A 53.5 2.37878 32
637587846 RE+1_R2_CH24_A 53.5 2.37878 32
637587972 RE-1_R2_CH30_A 53.5 2.37878 32
637587974 RE+1_R2_CH30_A 53.5 2.37878 32
637588100 RE-1_R2_CH36_A 53.5 2.37878 32
637588102 RE+1_R2_CH36_A 53.5 2.37878 32
