637599780 RE-2_R2_CH01_B 53.9 2.22953 32
637599782 RE+2_R2_CH01_B 53.9 2.22953 32
637599908 RE-2_R2_CH07_B 53.9 2.22953 32
637599910 RE+2_R2_CH07_B 53.9 2.22953 32
637600036 RE-2_R2_CH13_B 53.9 2.22953 32
637600038 RE+2_R2_CH13_B 53.9 2.22953 32
637600164 RE-2_R2_CH19_B 53.9 2.22953 32
637600166 RE+2_R2_CH19_B 53.9 2.22953 32
637600292 RE-2_R2_CH25_B 53.9 2.22953 32
637600294 RE+2_R2_CH25_B 53.9 2.22953 32
637600420 RE-2_R2_CH31_B 53.9 2.22953 32
637600422 RE+2_R2_CH31_B 53.9 2.22953 32
637603876 RE-2_R2_CH02_B 53.9 2.22953 32
637603878 RE+2_R2_CH02_B 53.9 2.22953 32
637604004 RE-2_R2_CH08_B 53.9 2.22953 32
637604006 RE+2_R2_CH08_B 53.9 2.22953 32
637604132 RE-2_R2_CH14_B 53.9 2.22953 32
637604134 RE+2_R2_CH14_B 53.9 2.22953 32
637604260 RE-2_R2_CH20_B 53.9 2.22953 32
637604262 RE+2_R2_CH20_B 53.9 2.22953 32
637604388 RE-2_R2_CH26_B 53.9 2.22953 32
637604390 RE+2_R2_CH26_B 53.9 2.22953 32
637604516 RE-2_R2_CH32_B 53.9 2.22953 32
637604518 RE+2_R2_CH32_B 53.9 2.22953 32
637607972 RE-2_R2_CH03_B 53.9 2.22953 32
637607974 RE+2_R2_CH03_B 53.9 2.22953 32
637608100 RE-2_R2_CH09_B 53.9 2.22953 32
637608102 RE+2_R2_CH09_B 53.9 2.22953 32
637608228 RE-2_R2_CH15_B 53.9 2.22953 32
637608230 RE+2_R2_CH15_B 53.9 2.22953 32
637608356 RE-2_R2_CH21_B 53.9 2.22953 32
637608358 RE+2_R2_CH21_B 53.9 2.22953 32
637608484 RE-2_R2_CH27_B 53.9 2.22953 32
637608486 RE+2_R2_CH27_B 53.9 2.22953 32
637608612 RE-2_R2_CH33_B 53.9 2.22953 32
637608614 RE+2_R2_CH33_B 53.9 2.22953 32
637612068 RE-2_R2_CH04_B 53.9 2.22953 32
637612070 RE+2_R2_CH04_B 53.9 2.22953 32
637612196 RE-2_R2_CH10_B 53.9 2.22953 32
637612198 RE+2_R2_CH10_B 53.9 2.22953 32
637612324 RE-2_R2_CH16_B 53.9 2.22953 32
637612326 RE+2_R2_CH16_B 53.9 2.22953 32
637612452 RE-2_R2_CH22_B 53.9 2.22953 32
637612454 RE+2_R2_CH22_B 53.9 2.22953 32
637612580 RE-2_R2_CH28_B 53.9 2.22953 32
637612582 RE+2_R2_CH28_B 53.9 2.22953 32
637612708 RE-2_R2_CH34_B 53.9 2.22953 32
637612710 RE+2_R2_CH34_B 53.9 2.22953 32
637616164 RE-2_R2_CH05_B 53.9 2.22953 32
637616166 RE+2_R2_CH05_B 53.9 2.22953 32
637616292 RE-2_R2_CH11_B 53.9 2.22953 32
637616294 RE+2_R2_CH11_B 53.9 2.22953 32
637616420 RE-2_R2_CH17_B 53.9 2.22953 32
637616422 RE+2_R2_CH17_B 53.9 2.22953 32
637616548 RE-2_R2_CH23_B 53.9 2.22953 32
637616550 RE+2_R2_CH23_B 53.9 2.22953 32
637616676 RE-2_R2_CH29_B 53.9 2.22953 32
637616678 RE+2_R2_CH29_B 53.9 2.22953 32
637616804 RE-2_R2_CH35_B 53.9 2.22953 32
637616806 RE+2_R2_CH35_B 53.9 2.22953 32
637620260 RE-2_R2_CH06_B 53.9 2.22953 32
637620262 RE+2_R2_CH06_B 53.9 2.22953 32
637620388 RE-2_R2_CH12_B 53.9 2.22953 32
637620390 RE+2_R2_CH12_B 53.9 2.22953 32
637620516 RE-2_R2_CH18_B 53.9 2.22953 32
637620518 RE+2_R2_CH18_B 53.9 2.22953 32
637620644 RE-2_R2_CH24_B 53.9 2.22953 32
637620646 RE+2_R2_CH24_B 53.9 2.22953 32
637620772 RE-2_R2_CH30_B 53.9 2.22953 32
637620774 RE+2_R2_CH30_B 53.9 2.22953 32
637620900 RE-2_R2_CH36_B 53.9 2.22953 32
637620902 RE+2_R2_CH36_B 53.9 2.22953 32
637599812 RE-3_R2_CH01_B 53.9 2.22953 32
637599814 RE+3_R2_CH01_B 53.9 2.22953 32
637599940 RE-3_R2_CH07_B 53.9 2.22953 32
637599942 RE+3_R2_CH07_B 53.9 2.22953 32
637600068 RE-3_R2_CH13_B 53.9 2.22953 32
637600070 RE+3_R2_CH13_B 53.9 2.22953 32
637600196 RE-3_R2_CH19_B 53.9 2.22953 32
637600198 RE+3_R2_CH19_B 53.9 2.22953 32
637600324 RE-3_R2_CH25_B 53.9 2.22953 32
637600326 RE+3_R2_CH25_B 53.9 2.22953 32
637600452 RE-3_R2_CH31_B 53.9 2.22953 32
637600454 RE+3_R2_CH31_B 53.9 2.22953 32
637603908 RE-3_R2_CH02_B 53.9 2.22953 32
637603910 RE+3_R2_CH02_B 53.9 2.22953 32
637604036 RE-3_R2_CH08_B 53.9 2.22953 32
637604038 RE+3_R2_CH08_B 53.9 2.22953 32
637604164 RE-3_R2_CH14_B 53.9 2.22953 32
637604166 RE+3_R2_CH14_B 53.9 2.22953 32
637604292 RE-3_R2_CH20_B 53.9 2.22953 32
637604294 RE+3_R2_CH20_B 53.9 2.22953 32
637604420 RE-3_R2_CH26_B 53.9 2.22953 32
637604422 RE+3_R2_CH26_B 53.9 2.22953 32
637604548 RE-3_R2_CH32_B 53.9 2.22953 32
637604550 RE+3_R2_CH32_B 53.9 2.22953 32
637608004 RE-3_R2_CH03_B 53.9 2.22953 32
637608006 RE+3_R2_CH03_B 53.9 2.22953 32
637608132 RE-3_R2_CH09_B 53.9 2.22953 32
637608134 RE+3_R2_CH09_B 53.9 2.22953 32
637608260 RE-3_R2_CH15_B 53.9 2.22953 32
637608262 RE+3_R2_CH15_B 53.9 2.22953 32
637608388 RE-3_R2_CH21_B 53.9 2.22953 32
637608390 RE+3_R2_CH21_B 53.9 2.22953 32
637608516 RE-3_R2_CH27_B 53.9 2.22953 32
637608518 RE+3_R2_CH27_B 53.9 2.22953 32
637608644 RE-3_R2_CH33_B 53.9 2.22953 32
637608646 RE+3_R2_CH33_B 53.9 2.22953 32
637612100 RE-3_R2_CH04_B 53.9 2.22953 32
637612102 RE+3_R2_CH04_B 53.9 2.22953 32
637612228 RE-3_R2_CH10_B 53.9 2.22953 32
637612230 RE+3_R2_CH10_B 53.9 2.22953 32
637612356 RE-3_R2_CH16_B 53.9 2.22953 32
637612358 RE+3_R2_CH16_B 53.9 2.22953 32
637612484 RE-3_R2_CH22_B 53.9 2.22953 32
637612486 RE+3_R2_CH22_B 53.9 2.22953 32
637612612 RE-3_R2_CH28_B 53.9 2.22953 32
637612614 RE+3_R2_CH28_B 53.9 2.22953 32
637612740 RE-3_R2_CH34_B 53.9 2.22953 32
637612742 RE+3_R2_CH34_B 53.9 2.22953 32
637616196 RE-3_R2_CH05_B 53.9 2.22953 32
637616198 RE+3_R2_CH05_B 53.9 2.22953 32
637616324 RE-3_R2_CH11_B 53.9 2.22953 32
637616326 RE+3_R2_CH11_B 53.9 2.22953 32
637616452 RE-3_R2_CH17_B 53.9 2.22953 32
637616454 RE+3_R2_CH17_B 53.9 2.22953 32
637616580 RE-3_R2_CH23_B 53.9 2.22953 32
637616582 RE+3_R2_CH23_B 53.9 2.22953 32
637616708 RE-3_R2_CH29_B 53.9 2.22953 32
637616710 RE+3_R2_CH29_B 53.9 2.22953 32
637616836 RE-3_R2_CH35_B 53.9 2.22953 32
637616838 RE+3_R2_CH35_B 53.9 2.22953 32
637620292 RE-3_R2_CH06_B 53.9 2.22953 32
637620294 RE+3_R2_CH06_B 53.9 2.22953 32
637620420 RE-3_R2_CH12_B 53.9 2.22953 32
637620422 RE+3_R2_CH12_B 53.9 2.22953 32
637620548 RE-3_R2_CH18_B 53.9 2.22953 32
637620550 RE+3_R2_CH18_B 53.9 2.22953 32
637620676 RE-3_R2_CH24_B 53.9 2.22953 32
637620678 RE+3_R2_CH24_B 53.9 2.22953 32
637620804 RE-3_R2_CH30_B 53.9 2.22953 32
637620806 RE+3_R2_CH30_B 53.9 2.22953 32
637620932 RE-3_R2_CH36_B 53.9 2.22953 32
637620934 RE+3_R2_CH36_B 53.9 2.22953 32
