637632520 RE-1_R3_CH01_C 56 2.92697 32
637632522 RE+1_R3_CH01_C 56 2.92697 32
637632648 RE-1_R3_CH07_C 56 2.92697 32
637632650 RE+1_R3_CH07_C 56 2.92697 32
637632776 RE-1_R3_CH13_C 56 2.92697 32
637632778 RE+1_R3_CH13_C 56 2.92697 32
637632904 RE-1_R3_CH19_C 56 2.92697 32
637632906 RE+1_R3_CH19_C 56 2.92697 32
637633032 RE-1_R3_CH25_C 56 2.92697 32
637633034 RE+1_R3_CH25_C 56 2.92697 32
637633160 RE-1_R3_CH31_C 56 2.92697 32
637633162 RE+1_R3_CH31_C 56 2.92697 32
637636616 RE-1_R3_CH02_C 56 2.92697 32
637636618 RE+1_R3_CH02_C 56 2.92697 32
637636744 RE-1_R3_CH08_C 56 2.92697 32
637636746 RE+1_R3_CH08_C 56 2.92697 32
637636872 RE-1_R3_CH14_C 56 2.92697 32
637636874 RE+1_R3_CH14_C 56 2.92697 32
637637000 RE-1_R3_CH20_C 56 2.92697 32
637637002 RE+1_R3_CH20_C 56 2.92697 32
637637128 RE-1_R3_CH26_C 56 2.92697 32
637637130 RE+1_R3_CH26_C 56 2.92697 32
637637256 RE-1_R3_CH32_C 56 2.92697 32
637637258 RE+1_R3_CH32_C 56 2.92697 32
637640712 RE-1_R3_CH03_C 56 2.92697 32
637640714 RE+1_R3_CH03_C 56 2.92697 32
637640840 RE-1_R3_CH09_C 56 2.92697 32
637640842 RE+1_R3_CH09_C 56 2.92697 32
637640968 RE-1_R3_CH15_C 56 2.92697 32
637640970 RE+1_R3_CH15_C 56 2.92697 32
637641096 RE-1_R3_CH21_C 56 2.92697 32
637641098 RE+1_R3_CH21_C 56 2.92697 32
637641224 RE-1_R3_CH27_C 56 2.92697 32
637641226 RE+1_R3_CH27_C 56 2.92697 32
637641352 RE-1_R3_CH33_C 56 2.92697 32
637641354 RE+1_R3_CH33_C 56 2.92697 32
637644808 RE-1_R3_CH04_C 56 2.92697 32
637644810 RE+1_R3_CH04_C 56 2.92697 32
637644936 RE-1_R3_CH10_C 56 2.92697 32
637644938 RE+1_R3_CH10_C 56 2.92697 32
637645064 RE-1_R3_CH16_C 56 2.92697 32
637645066 RE+1_R3_CH16_C 56 2.92697 32
637645192 RE-1_R3_CH22_C 56 2.92697 32
637645194 RE+1_R3_CH22_C 56 2.92697 32
637645320 RE-1_R3_CH28_C 56 2.92697 32
637645322 RE+1_R3_CH28_C 56 2.92697 32
637645448 RE-1_R3_CH34_C 56 2.92697 32
637645450 RE+1_R3_CH34_C 56 2.92697 32
637648904 RE-1_R3_CH05_C 56 2.92697 32
637648906 RE+1_R3_CH05_C 56 2.92697 32
637649032 RE-1_R3_CH11_C 56 2.92697 32
637649034 RE+1_R3_CH11_C 56 2.92697 32
637649160 RE-1_R3_CH17_C 56 2.92697 32
637649162 RE+1_R3_CH17_C 56 2.92697 32
637649288 RE-1_R3_CH23_C 56 2.92697 32
637649290 RE+1_R3_CH23_C 56 2.92697 32
637649416 RE-1_R3_CH29_C 56 2.92697 32
637649418 RE+1_R3_CH29_C 56 2.92697 32
637649544 RE-1_R3_CH35_C 56 2.92697 32
637649546 RE+1_R3_CH35_C 56 2.92697 32
637653000 RE-1_R3_CH06_C 56 2.92697 32
637653002 RE+1_R3_CH06_C 56 2.92697 32
637653128 RE-1_R3_CH12_C 56 2.92697 32
637653130 RE+1_R3_CH12_C 56 2.92697 32
637653256 RE-1_R3_CH18_C 56 2.92697 32
637653258 RE+1_R3_CH18_C 56 2.92697 32
637653384 RE-1_R3_CH24_C 56 2.92697 32
637653386 RE+1_R3_CH24_C 56 2.92697 32
637653512 RE-1_R3_CH30_C 56 2.92697 32
637653514 RE+1_R3_CH30_C 56 2.92697 32
637653640 RE-1_R3_CH36_C 56 2.92697 32
637653642 RE+1_R3_CH36_C 56 2.92697 32
