637632552 RE-2_R3_CH01_C 60.4 2.91769 32
637632554 RE+2_R3_CH01_C 60.4 2.91769 32
637632680 RE-2_R3_CH07_C 60.4 2.91769 32
637632682 RE+2_R3_CH07_C 60.4 2.91769 32
637632808 RE-2_R3_CH13_C 60.4 2.91769 32
637632810 RE+2_R3_CH13_C 60.4 2.91769 32
637632936 RE-2_R3_CH19_C 60.4 2.91769 32
637632938 RE+2_R3_CH19_C 60.4 2.91769 32
637633064 RE-2_R3_CH25_C 60.4 2.91769 32
637633066 RE+2_R3_CH25_C 60.4 2.91769 32
637633192 RE-2_R3_CH31_C 60.4 2.91769 32
637633194 RE+2_R3_CH31_C 60.4 2.91769 32
637636648 RE-2_R3_CH02_C 60.4 2.91769 32
637636650 RE+2_R3_CH02_C 60.4 2.91769 32
637636776 RE-2_R3_CH08_C 60.4 2.91769 32
637636778 RE+2_R3_CH08_C 60.4 2.91769 32
637636904 RE-2_R3_CH14_C 60.4 2.91769 32
637636906 RE+2_R3_CH14_C 60.4 2.91769 32
637637032 RE-2_R3_CH20_C 60.4 2.91769 32
637637034 RE+2_R3_CH20_C 60.4 2.91769 32
637637160 RE-2_R3_CH26_C 60.4 2.91769 32
637637162 RE+2_R3_CH26_C 60.4 2.91769 32
637637288 RE-2_R3_CH32_C 60.4 2.91769 32
637637290 RE+2_R3_CH32_C 60.4 2.91769 32
637640744 RE-2_R3_CH03_C 60.4 2.91769 32
637640746 RE+2_R3_CH03_C 60.4 2.91769 32
637640872 RE-2_R3_CH09_C 60.4 2.91769 32
637640874 RE+2_R3_CH09_C 60.4 2.91769 32
637641000 RE-2_R3_CH15_C 60.4 2.91769 32
637641002 RE+2_R3_CH15_C 60.4 2.91769 32
637641128 RE-2_R3_CH21_C 60.4 2.91769 32
637641130 RE+2_R3_CH21_C 60.4 2.91769 32
637641256 RE-2_R3_CH27_C 60.4 2.91769 32
637641258 RE+2_R3_CH27_C 60.4 2.91769 32
637641384 RE-2_R3_CH33_C 60.4 2.91769 32
637641386 RE+2_R3_CH33_C 60.4 2.91769 32
637644840 RE-2_R3_CH04_C 60.4 2.91769 32
637644842 RE+2_R3_CH04_C 60.4 2.91769 32
637644968 RE-2_R3_CH10_C 60.4 2.91769 32
637644970 RE+2_R3_CH10_C 60.4 2.91769 32
637645096 RE-2_R3_CH16_C 60.4 2.91769 32
637645098 RE+2_R3_CH16_C 60.4 2.91769 32
637645224 RE-2_R3_CH22_C 60.4 2.91769 32
637645226 RE+2_R3_CH22_C 60.4 2.91769 32
637645352 RE-2_R3_CH28_C 60.4 2.91769 32
637645354 RE+2_R3_CH28_C 60.4 2.91769 32
637645480 RE-2_R3_CH34_C 60.4 2.91769 32
637645482 RE+2_R3_CH34_C 60.4 2.91769 32
637648936 RE-2_R3_CH05_C 60.4 2.91769 32
637648938 RE+2_R3_CH05_C 60.4 2.91769 32
637649064 RE-2_R3_CH11_C 60.4 2.91769 32
637649066 RE+2_R3_CH11_C 60.4 2.91769 32
637649192 RE-2_R3_CH17_C 60.4 2.91769 32
637649194 RE+2_R3_CH17_C 60.4 2.91769 32
637649320 RE-2_R3_CH23_C 60.4 2.91769 32
637649322 RE+2_R3_CH23_C 60.4 2.91769 32
637649448 RE-2_R3_CH29_C 60.4 2.91769 32
637649450 RE+2_R3_CH29_C 60.4 2.91769 32
637649576 RE-2_R3_CH35_C 60.4 2.91769 32
637649578 RE+2_R3_CH35_C 60.4 2.91769 32
637653032 RE-2_R3_CH06_C 60.4 2.91769 32
637653034 RE+2_R3_CH06_C 60.4 2.91769 32
637653160 RE-2_R3_CH12_C 60.4 2.91769 32
637653162 RE+2_R3_CH12_C 60.4 2.91769 32
637653288 RE-2_R3_CH18_C 60.4 2.91769 32
637653290 RE+2_R3_CH18_C 60.4 2.91769 32
637653416 RE-2_R3_CH24_C 60.4 2.91769 32
637653418 RE+2_R3_CH24_C 60.4 2.91769 32
637653544 RE-2_R3_CH30_C 60.4 2.91769 32
637653546 RE+2_R3_CH30_C 60.4 2.91769 32
637653672 RE-2_R3_CH36_C 60.4 2.91769 32
637653674 RE+2_R3_CH36_C 60.4 2.91769 32
637632584 RE-3_R3_CH01_C 60.4 2.91769 32
637632586 RE+3_R3_CH01_C 60.4 2.91769 32
637632712 RE-3_R3_CH07_C 60.4 2.91769 32
637632714 RE+3_R3_CH07_C 60.4 2.91769 32
637632840 RE-3_R3_CH13_C 60.4 2.91769 32
637632842 RE+3_R3_CH13_C 60.4 2.91769 32
637632968 RE-3_R3_CH19_C 60.4 2.91769 32
637632970 RE+3_R3_CH19_C 60.4 2.91769 32
637633096 RE-3_R3_CH25_C 60.4 2.91769 32
637633098 RE+3_R3_CH25_C 60.4 2.91769 32
637633224 RE-3_R3_CH31_C 60.4 2.91769 32
637633226 RE+3_R3_CH31_C 60.4 2.91769 32
637636680 RE-3_R3_CH02_C 60.4 2.91769 32
637636682 RE+3_R3_CH02_C 60.4 2.91769 32
637636808 RE-3_R3_CH08_C 60.4 2.91769 32
637636810 RE+3_R3_CH08_C 60.4 2.91769 32
637636936 RE-3_R3_CH14_C 60.4 2.91769 32
637636938 RE+3_R3_CH14_C 60.4 2.91769 32
637637064 RE-3_R3_CH20_C 60.4 2.91769 32
637637066 RE+3_R3_CH20_C 60.4 2.91769 32
637637192 RE-3_R3_CH26_C 60.4 2.91769 32
637637194 RE+3_R3_CH26_C 60.4 2.91769 32
637637320 RE-3_R3_CH32_C 60.4 2.91769 32
637637322 RE+3_R3_CH32_C 60.4 2.91769 32
637640776 RE-3_R3_CH03_C 60.4 2.91769 32
637640778 RE+3_R3_CH03_C 60.4 2.91769 32
637640904 RE-3_R3_CH09_C 60.4 2.91769 32
637640906 RE+3_R3_CH09_C 60.4 2.91769 32
637641032 RE-3_R3_CH15_C 60.4 2.91769 32
637641034 RE+3_R3_CH15_C 60.4 2.91769 32
637641160 RE-3_R3_CH21_C 60.4 2.91769 32
637641162 RE+3_R3_CH21_C 60.4 2.91769 32
637641288 RE-3_R3_CH27_C 60.4 2.91769 32
637641290 RE+3_R3_CH27_C 60.4 2.91769 32
637641416 RE-3_R3_CH33_C 60.4 2.91769 32
637641418 RE+3_R3_CH33_C 60.4 2.91769 32
637644872 RE-3_R3_CH04_C 60.4 2.91769 32
637644874 RE+3_R3_CH04_C 60.4 2.91769 32
637645000 RE-3_R3_CH10_C 60.4 2.91769 32
637645002 RE+3_R3_CH10_C 60.4 2.91769 32
637645128 RE-3_R3_CH16_C 60.4 2.91769 32
637645130 RE+3_R3_CH16_C 60.4 2.91769 32
637645256 RE-3_R3_CH22_C 60.4 2.91769 32
637645258 RE+3_R3_CH22_C 60.4 2.91769 32
637645384 RE-3_R3_CH28_C 60.4 2.91769 32
637645386 RE+3_R3_CH28_C 60.4 2.91769 32
637645512 RE-3_R3_CH34_C 60.4 2.91769 32
637645514 RE+3_R3_CH34_C 60.4 2.91769 32
637648968 RE-3_R3_CH05_C 60.4 2.91769 32
637648970 RE+3_R3_CH05_C 60.4 2.91769 32
637649096 RE-3_R3_CH11_C 60.4 2.91769 32
637649098 RE+3_R3_CH11_C 60.4 2.91769 32
637649224 RE-3_R3_CH17_C 60.4 2.91769 32
637649226 RE+3_R3_CH17_C 60.4 2.91769 32
637649352 RE-3_R3_CH23_C 60.4 2.91769 32
637649354 RE+3_R3_CH23_C 60.4 2.91769 32
637649480 RE-3_R3_CH29_C 60.4 2.91769 32
637649482 RE+3_R3_CH29_C 60.4 2.91769 32
637649608 RE-3_R3_CH35_C 60.4 2.91769 32
637649610 RE+3_R3_CH35_C 60.4 2.91769 32
637653064 RE-3_R3_CH06_C 60.4 2.91769 32
637653066 RE+3_R3_CH06_C 60.4 2.91769 32
637653192 RE-3_R3_CH12_C 60.4 2.91769 32
637653194 RE+3_R3_CH12_C 60.4 2.91769 32
637653320 RE-3_R3_CH18_C 60.4 2.91769 32
637653322 RE+3_R3_CH18_C 60.4 2.91769 32
637653448 RE-3_R3_CH24_C 60.4 2.91769 32
637653450 RE+3_R3_CH24_C 60.4 2.91769 32
637653576 RE-3_R3_CH30_C 60.4 2.91769 32
637653578 RE+3_R3_CH30_C 60.4 2.91769 32
637653704 RE-3_R3_CH36_C 60.4 2.91769 32
637653706 RE+3_R3_CH36_C 60.4 2.91769 32
