637567012 RE-2_R2_CH01_A 61.7 2.55106 32
637567014 RE+2_R2_CH01_A 61.7 2.55106 32
637567140 RE-2_R2_CH07_A 61.7 2.55106 32
637567142 RE+2_R2_CH07_A 61.7 2.55106 32
637567268 RE-2_R2_CH13_A 61.7 2.55106 32
637567270 RE+2_R2_CH13_A 61.7 2.55106 32
637567396 RE-2_R2_CH19_A 61.7 2.55106 32
637567398 RE+2_R2_CH19_A 61.7 2.55106 32
637567524 RE-2_R2_CH25_A 61.7 2.55106 32
637567526 RE+2_R2_CH25_A 61.7 2.55106 32
637567652 RE-2_R2_CH31_A 61.7 2.55106 32
637567654 RE+2_R2_CH31_A 61.7 2.55106 32
637571108 RE-2_R2_CH02_A 61.7 2.55106 32
637571110 RE+2_R2_CH02_A 61.7 2.55106 32
637571236 RE-2_R2_CH08_A 61.7 2.55106 32
637571238 RE+2_R2_CH08_A 61.7 2.55106 32
637571364 RE-2_R2_CH14_A 61.7 2.55106 32
637571366 RE+2_R2_CH14_A 61.7 2.55106 32
637571492 RE-2_R2_CH20_A 61.7 2.55106 32
637571494 RE+2_R2_CH20_A 61.7 2.55106 32
637571620 RE-2_R2_CH26_A 61.7 2.55106 32
637571622 RE+2_R2_CH26_A 61.7 2.55106 32
637571748 RE-2_R2_CH32_A 61.7 2.55106 32
637571750 RE+2_R2_CH32_A 61.7 2.55106 32
637575204 RE-2_R2_CH03_A 61.7 2.55106 32
637575206 RE+2_R2_CH03_A 61.7 2.55106 32
637575332 RE-2_R2_CH09_A 61.7 2.55106 32
637575334 RE+2_R2_CH09_A 61.7 2.55106 32
637575460 RE-2_R2_CH15_A 61.7 2.55106 32
637575462 RE+2_R2_CH15_A 61.7 2.55106 32
637575588 RE-2_R2_CH21_A 61.7 2.55106 32
637575590 RE+2_R2_CH21_A 61.7 2.55106 32
637575716 RE-2_R2_CH27_A 61.7 2.55106 32
637575718 RE+2_R2_CH27_A 61.7 2.55106 32
637575844 RE-2_R2_CH33_A 61.7 2.55106 32
637575846 RE+2_R2_CH33_A 61.7 2.55106 32
637579300 RE-2_R2_CH04_A 61.7 2.55106 32
637579302 RE+2_R2_CH04_A 61.7 2.55106 32
637579428 RE-2_R2_CH10_A 61.7 2.55106 32
637579430 RE+2_R2_CH10_A 61.7 2.55106 32
637579556 RE-2_R2_CH16_A 61.7 2.55106 32
637579558 RE+2_R2_CH16_A 61.7 2.55106 32
637579684 RE-2_R2_CH22_A 61.7 2.55106 32
637579686 RE+2_R2_CH22_A 61.7 2.55106 32
637579812 RE-2_R2_CH28_A 61.7 2.55106 32
637579814 RE+2_R2_CH28_A 61.7 2.55106 32
637579940 RE-2_R2_CH34_A 61.7 2.55106 32
637579942 RE+2_R2_CH34_A 61.7 2.55106 32
637583396 RE-2_R2_CH05_A 61.7 2.55106 32
637583398 RE+2_R2_CH05_A 61.7 2.55106 32
637583524 RE-2_R2_CH11_A 61.7 2.55106 32
637583526 RE+2_R2_CH11_A 61.7 2.55106 32
637583652 RE-2_R2_CH17_A 61.7 2.55106 32
637583654 RE+2_R2_CH17_A 61.7 2.55106 32
637583780 RE-2_R2_CH23_A 61.7 2.55106 32
637583782 RE+2_R2_CH23_A 61.7 2.55106 32
637583908 RE-2_R2_CH29_A 61.7 2.55106 32
637583910 RE+2_R2_CH29_A 61.7 2.55106 32
637584036 RE-2_R2_CH35_A 61.7 2.55106 32
637584038 RE+2_R2_CH35_A 61.7 2.55106 32
637587492 RE-2_R2_CH06_A 61.7 2.55106 32
637587494 RE+2_R2_CH06_A 61.7 2.55106 32
637587620 RE-2_R2_CH12_A 61.7 2.55106 32
637587622 RE+2_R2_CH12_A 61.7 2.55106 32
637587748 RE-2_R2_CH18_A 61.7 2.55106 32
637587750 RE+2_R2_CH18_A 61.7 2.55106 32
637587876 RE-2_R2_CH24_A 61.7 2.55106 32
637587878 RE+2_R2_CH24_A 61.7 2.55106 32
637588004 RE-2_R2_CH30_A 61.7 2.55106 32
637588006 RE+2_R2_CH30_A 61.7 2.55106 32
637588132 RE-2_R2_CH36_A 61.7 2.55106 32
637588134 RE+2_R2_CH36_A 61.7 2.55106 32
637567044 RE-3_R2_CH01_A 61.7 2.55106 32
637567046 RE+3_R2_CH01_A 61.7 2.55106 32
637567172 RE-3_R2_CH07_A 61.7 2.55106 32
637567174 RE+3_R2_CH07_A 61.7 2.55106 32
637567300 RE-3_R2_CH13_A 61.7 2.55106 32
637567302 RE+3_R2_CH13_A 61.7 2.55106 32
637567428 RE-3_R2_CH19_A 61.7 2.55106 32
637567430 RE+3_R2_CH19_A 61.7 2.55106 32
637567556 RE-3_R2_CH25_A 61.7 2.55106 32
637567558 RE+3_R2_CH25_A 61.7 2.55106 32
637567684 RE-3_R2_CH31_A 61.7 2.55106 32
637567686 RE+3_R2_CH31_A 61.7 2.55106 32
637571140 RE-3_R2_CH02_A 61.7 2.55106 32
637571142 RE+3_R2_CH02_A 61.7 2.55106 32
637571268 RE-3_R2_CH08_A 61.7 2.55106 32
637571270 RE+3_R2_CH08_A 61.7 2.55106 32
637571396 RE-3_R2_CH14_A 61.7 2.55106 32
637571398 RE+3_R2_CH14_A 61.7 2.55106 32
637571524 RE-3_R2_CH20_A 61.7 2.55106 32
637571526 RE+3_R2_CH20_A 61.7 2.55106 32
637571652 RE-3_R2_CH26_A 61.7 2.55106 32
637571654 RE+3_R2_CH26_A 61.7 2.55106 32
637571780 RE-3_R2_CH32_A 61.7 2.55106 32
637571782 RE+3_R2_CH32_A 61.7 2.55106 32
637575236 RE-3_R2_CH03_A 61.7 2.55106 32
637575238 RE+3_R2_CH03_A 61.7 2.55106 32
637575364 RE-3_R2_CH09_A 61.7 2.55106 32
637575366 RE+3_R2_CH09_A 61.7 2.55106 32
637575492 RE-3_R2_CH15_A 61.7 2.55106 32
637575494 RE+3_R2_CH15_A 61.7 2.55106 32
637575620 RE-3_R2_CH21_A 61.7 2.55106 32
637575622 RE+3_R2_CH21_A 61.7 2.55106 32
637575748 RE-3_R2_CH27_A 61.7 2.55106 32
637575750 RE+3_R2_CH27_A 61.7 2.55106 32
637575876 RE-3_R2_CH33_A 61.7 2.55106 32
637575878 RE+3_R2_CH33_A 61.7 2.55106 32
637579332 RE-3_R2_CH04_A 61.7 2.55106 32
637579334 RE+3_R2_CH04_A 61.7 2.55106 32
637579460 RE-3_R2_CH10_A 61.7 2.55106 32
637579462 RE+3_R2_CH10_A 61.7 2.55106 32
637579588 RE-3_R2_CH16_A 61.7 2.55106 32
637579590 RE+3_R2_CH16_A 61.7 2.55106 32
637579716 RE-3_R2_CH22_A 61.7 2.55106 32
637579718 RE+3_R2_CH22_A 61.7 2.55106 32
637579844 RE-3_R2_CH28_A 61.7 2.55106 32
637579846 RE+3_R2_CH28_A 61.7 2.55106 32
637579972 RE-3_R2_CH34_A 61.7 2.55106 32
637579974 RE+3_R2_CH34_A 61.7 2.55106 32
637583428 RE-3_R2_CH05_A 61.7 2.55106 32
637583430 RE+3_R2_CH05_A 61.7 2.55106 32
637583556 RE-3_R2_CH11_A 61.7 2.55106 32
637583558 RE+3_R2_CH11_A 61.7 2.55106 32
637583684 RE-3_R2_CH17_A 61.7 2.55106 32
637583686 RE+3_R2_CH17_A 61.7 2.55106 32
637583812 RE-3_R2_CH23_A 61.7 2.55106 32
637583814 RE+3_R2_CH23_A 61.7 2.55106 32
637583940 RE-3_R2_CH29_A 61.7 2.55106 32
637583942 RE+3_R2_CH29_A 61.7 2.55106 32
637584068 RE-3_R2_CH35_A 61.7 2.55106 32
637584070 RE+3_R2_CH35_A 61.7 2.55106 32
637587524 RE-3_R2_CH06_A 61.7 2.55106 32
637587526 RE+3_R2_CH06_A 61.7 2.55106 32
637587652 RE-3_R2_CH12_A 61.7 2.55106 32
637587654 RE+3_R2_CH12_A 61.7 2.55106 32
637587780 RE-3_R2_CH18_A 61.7 2.55106 32
637587782 RE+3_R2_CH18_A 61.7 2.55106 32
637587908 RE-3_R2_CH24_A 61.7 2.55106 32
637587910 RE+3_R2_CH24_A 61.7 2.55106 32
637588036 RE-3_R2_CH30_A 61.7 2.55106 32
637588038 RE+3_R2_CH30_A 61.7 2.55106 32
637588164 RE-3_R2_CH36_A 61.7 2.55106 32
637588166 RE+3_R2_CH36_A 61.7 2.55106 32
