637599784 RE-2_R3_CH01_B 75.9 3.29581 32
637599786 RE+2_R3_CH01_B 75.9 3.29581 32
637599912 RE-2_R3_CH07_B 75.9 3.29581 32
637599914 RE+2_R3_CH07_B 75.9 3.29581 32
637600040 RE-2_R3_CH13_B 75.9 3.29581 32
637600042 RE+2_R3_CH13_B 75.9 3.29581 32
637600168 RE-2_R3_CH19_B 75.9 3.29581 32
637600170 RE+2_R3_CH19_B 75.9 3.29581 32
637600296 RE-2_R3_CH25_B 75.9 3.29581 32
637600298 RE+2_R3_CH25_B 75.9 3.29581 32
637600424 RE-2_R3_CH31_B 75.9 3.29581 32
637600426 RE+2_R3_CH31_B 75.9 3.29581 32
637603880 RE-2_R3_CH02_B 75.9 3.29581 32
637603882 RE+2_R3_CH02_B 75.9 3.29581 32
637604008 RE-2_R3_CH08_B 75.9 3.29581 32
637604010 RE+2_R3_CH08_B 75.9 3.29581 32
637604136 RE-2_R3_CH14_B 75.9 3.29581 32
637604138 RE+2_R3_CH14_B 75.9 3.29581 32
637604264 RE-2_R3_CH20_B 75.9 3.29581 32
637604266 RE+2_R3_CH20_B 75.9 3.29581 32
637604392 RE-2_R3_CH26_B 75.9 3.29581 32
637604394 RE+2_R3_CH26_B 75.9 3.29581 32
637604520 RE-2_R3_CH32_B 75.9 3.29581 32
637604522 RE+2_R3_CH32_B 75.9 3.29581 32
637607976 RE-2_R3_CH03_B 75.9 3.29581 32
637607978 RE+2_R3_CH03_B 75.9 3.29581 32
637608104 RE-2_R3_CH09_B 75.9 3.29581 32
637608106 RE+2_R3_CH09_B 75.9 3.29581 32
637608232 RE-2_R3_CH15_B 75.9 3.29581 32
637608234 RE+2_R3_CH15_B 75.9 3.29581 32
637608360 RE-2_R3_CH21_B 75.9 3.29581 32
637608362 RE+2_R3_CH21_B 75.9 3.29581 32
637608488 RE-2_R3_CH27_B 75.9 3.29581 32
637608490 RE+2_R3_CH27_B 75.9 3.29581 32
637608616 RE-2_R3_CH33_B 75.9 3.29581 32
637608618 RE+2_R3_CH33_B 75.9 3.29581 32
637612072 RE-2_R3_CH04_B 75.9 3.29581 32
637612074 RE+2_R3_CH04_B 75.9 3.29581 32
637612200 RE-2_R3_CH10_B 75.9 3.29581 32
637612202 RE+2_R3_CH10_B 75.9 3.29581 32
637612328 RE-2_R3_CH16_B 75.9 3.29581 32
637612330 RE+2_R3_CH16_B 75.9 3.29581 32
637612456 RE-2_R3_CH22_B 75.9 3.29581 32
637612458 RE+2_R3_CH22_B 75.9 3.29581 32
637612584 RE-2_R3_CH28_B 75.9 3.29581 32
637612586 RE+2_R3_CH28_B 75.9 3.29581 32
637612712 RE-2_R3_CH34_B 75.9 3.29581 32
637612714 RE+2_R3_CH34_B 75.9 3.29581 32
637616168 RE-2_R3_CH05_B 75.9 3.29581 32
637616170 RE+2_R3_CH05_B 75.9 3.29581 32
637616296 RE-2_R3_CH11_B 75.9 3.29581 32
637616298 RE+2_R3_CH11_B 75.9 3.29581 32
637616424 RE-2_R3_CH17_B 75.9 3.29581 32
637616426 RE+2_R3_CH17_B 75.9 3.29581 32
637616552 RE-2_R3_CH23_B 75.9 3.29581 32
637616554 RE+2_R3_CH23_B 75.9 3.29581 32
637616680 RE-2_R3_CH29_B 75.9 3.29581 32
637616682 RE+2_R3_CH29_B 75.9 3.29581 32
637616808 RE-2_R3_CH35_B 75.9 3.29581 32
637616810 RE+2_R3_CH35_B 75.9 3.29581 32
637620264 RE-2_R3_CH06_B 75.9 3.29581 32
637620266 RE+2_R3_CH06_B 75.9 3.29581 32
637620392 RE-2_R3_CH12_B 75.9 3.29581 32
637620394 RE+2_R3_CH12_B 75.9 3.29581 32
637620520 RE-2_R3_CH18_B 75.9 3.29581 32
637620522 RE+2_R3_CH18_B 75.9 3.29581 32
637620648 RE-2_R3_CH24_B 75.9 3.29581 32
637620650 RE+2_R3_CH24_B 75.9 3.29581 32
637620776 RE-2_R3_CH30_B 75.9 3.29581 32
637620778 RE+2_R3_CH30_B 75.9 3.29581 32
637620904 RE-2_R3_CH36_B 75.9 3.29581 32
637620906 RE+2_R3_CH36_B 75.9 3.29581 32
637599816 RE-3_R3_CH01_B 75.9 3.29581 32
637599818 RE+3_R3_CH01_B 75.9 3.29581 32
637599944 RE-3_R3_CH07_B 75.9 3.29581 32
637599946 RE+3_R3_CH07_B 75.9 3.29581 32
637600072 RE-3_R3_CH13_B 75.9 3.29581 32
637600074 RE+3_R3_CH13_B 75.9 3.29581 32
637600200 RE-3_R3_CH19_B 75.9 3.29581 32
637600202 RE+3_R3_CH19_B 75.9 3.29581 32
637600328 RE-3_R3_CH25_B 75.9 3.29581 32
637600330 RE+3_R3_CH25_B 75.9 3.29581 32
637600456 RE-3_R3_CH31_B 75.9 3.29581 32
637600458 RE+3_R3_CH31_B 75.9 3.29581 32
637603912 RE-3_R3_CH02_B 75.9 3.29581 32
637603914 RE+3_R3_CH02_B 75.9 3.29581 32
637604040 RE-3_R3_CH08_B 75.9 3.29581 32
637604042 RE+3_R3_CH08_B 75.9 3.29581 32
637604168 RE-3_R3_CH14_B 75.9 3.29581 32
637604170 RE+3_R3_CH14_B 75.9 3.29581 32
637604296 RE-3_R3_CH20_B 75.9 3.29581 32
637604298 RE+3_R3_CH20_B 75.9 3.29581 32
637604424 RE-3_R3_CH26_B 75.9 3.29581 32
637604426 RE+3_R3_CH26_B 75.9 3.29581 32
637604552 RE-3_R3_CH32_B 75.9 3.29581 32
637604554 RE+3_R3_CH32_B 75.9 3.29581 32
637608008 RE-3_R3_CH03_B 75.9 3.29581 32
637608010 RE+3_R3_CH03_B 75.9 3.29581 32
637608136 RE-3_R3_CH09_B 75.9 3.29581 32
637608138 RE+3_R3_CH09_B 75.9 3.29581 32
637608264 RE-3_R3_CH15_B 75.9 3.29581 32
637608266 RE+3_R3_CH15_B 75.9 3.29581 32
637608392 RE-3_R3_CH21_B 75.9 3.29581 32
637608394 RE+3_R3_CH21_B 75.9 3.29581 32
637608520 RE-3_R3_CH27_B 75.9 3.29581 32
637608522 RE+3_R3_CH27_B 75.9 3.29581 32
637608648 RE-3_R3_CH33_B 75.9 3.29581 32
637608650 RE+3_R3_CH33_B 75.9 3.29581 32
637612104 RE-3_R3_CH04_B 75.9 3.29581 32
637612106 RE+3_R3_CH04_B 75.9 3.29581 32
637612232 RE-3_R3_CH10_B 75.9 3.29581 32
637612234 RE+3_R3_CH10_B 75.9 3.29581 32
637612360 RE-3_R3_CH16_B 75.9 3.29581 32
637612362 RE+3_R3_CH16_B 75.9 3.29581 32
637612488 RE-3_R3_CH22_B 75.9 3.29581 32
637612490 RE+3_R3_CH22_B 75.9 3.29581 32
637612616 RE-3_R3_CH28_B 75.9 3.29581 32
637612618 RE+3_R3_CH28_B 75.9 3.29581 32
637612744 RE-3_R3_CH34_B 75.9 3.29581 32
637612746 RE+3_R3_CH34_B 75.9 3.29581 32
637616200 RE-3_R3_CH05_B 75.9 3.29581 32
637616202 RE+3_R3_CH05_B 75.9 3.29581 32
637616328 RE-3_R3_CH11_B 75.9 3.29581 32
637616330 RE+3_R3_CH11_B 75.9 3.29581 32
637616456 RE-3_R3_CH17_B 75.9 3.29581 32
637616458 RE+3_R3_CH17_B 75.9 3.29581 32
637616584 RE-3_R3_CH23_B 75.9 3.29581 32
637616586 RE+3_R3_CH23_B 75.9 3.29581 32
637616712 RE-3_R3_CH29_B 75.9 3.29581 32
637616714 RE+3_R3_CH29_B 75.9 3.29581 32
637616840 RE-3_R3_CH35_B 75.9 3.29581 32
637616842 RE+3_R3_CH35_B 75.9 3.29581 32
637620296 RE-3_R3_CH06_B 75.9 3.29581 32
637620298 RE+3_R3_CH06_B 75.9 3.29581 32
637620424 RE-3_R3_CH12_B 75.9 3.29581 32
637620426 RE+3_R3_CH12_B 75.9 3.29581 32
637620552 RE-3_R3_CH18_B 75.9 3.29581 32
637620554 RE+3_R3_CH18_B 75.9 3.29581 32
637620680 RE-3_R3_CH24_B 75.9 3.29581 32
637620682 RE+3_R3_CH24_B 75.9 3.29581 32
637620808 RE-3_R3_CH30_B 75.9 3.29581 32
637620810 RE+3_R3_CH30_B 75.9 3.29581 32
637620936 RE-3_R3_CH36_B 75.9 3.29581 32
637620938 RE+3_R3_CH36_B 75.9 3.29581 32
