637599752 RE-1_R3_CH01_B 75.9 3.29306 32
637599754 RE+1_R3_CH01_B 75.9 3.29306 32
637599880 RE-1_R3_CH07_B 75.9 3.29306 32
637599882 RE+1_R3_CH07_B 75.9 3.29306 32
637600008 RE-1_R3_CH13_B 75.9 3.29306 32
637600010 RE+1_R3_CH13_B 75.9 3.29306 32
637600136 RE-1_R3_CH19_B 75.9 3.29306 32
637600138 RE+1_R3_CH19_B 75.9 3.29306 32
637600264 RE-1_R3_CH25_B 75.9 3.29306 32
637600266 RE+1_R3_CH25_B 75.9 3.29306 32
637600392 RE-1_R3_CH31_B 75.9 3.29306 32
637600394 RE+1_R3_CH31_B 75.9 3.29306 32
637603848 RE-1_R3_CH02_B 75.9 3.29306 32
637603850 RE+1_R3_CH02_B 75.9 3.29306 32
637603976 RE-1_R3_CH08_B 75.9 3.29306 32
637603978 RE+1_R3_CH08_B 75.9 3.29306 32
637604104 RE-1_R3_CH14_B 75.9 3.29306 32
637604106 RE+1_R3_CH14_B 75.9 3.29306 32
637604232 RE-1_R3_CH20_B 75.9 3.29306 32
637604234 RE+1_R3_CH20_B 75.9 3.29306 32
637604360 RE-1_R3_CH26_B 75.9 3.29306 32
637604362 RE+1_R3_CH26_B 75.9 3.29306 32
637604488 RE-1_R3_CH32_B 75.9 3.29306 32
637604490 RE+1_R3_CH32_B 75.9 3.29306 32
637607944 RE-1_R3_CH03_B 75.9 3.29306 32
637607946 RE+1_R3_CH03_B 75.9 3.29306 32
637608072 RE-1_R3_CH09_B 75.9 3.29306 32
637608074 RE+1_R3_CH09_B 75.9 3.29306 32
637608200 RE-1_R3_CH15_B 75.9 3.29306 32
637608202 RE+1_R3_CH15_B 75.9 3.29306 32
637608328 RE-1_R3_CH21_B 75.9 3.29306 32
637608330 RE+1_R3_CH21_B 75.9 3.29306 32
637608456 RE-1_R3_CH27_B 75.9 3.29306 32
637608458 RE+1_R3_CH27_B 75.9 3.29306 32
637608584 RE-1_R3_CH33_B 75.9 3.29306 32
637608586 RE+1_R3_CH33_B 75.9 3.29306 32
637612040 RE-1_R3_CH04_B 75.9 3.29306 32
637612042 RE+1_R3_CH04_B 75.9 3.29306 32
637612168 RE-1_R3_CH10_B 75.9 3.29306 32
637612170 RE+1_R3_CH10_B 75.9 3.29306 32
637612296 RE-1_R3_CH16_B 75.9 3.29306 32
637612298 RE+1_R3_CH16_B 75.9 3.29306 32
637612424 RE-1_R3_CH22_B 75.9 3.29306 32
637612426 RE+1_R3_CH22_B 75.9 3.29306 32
637612552 RE-1_R3_CH28_B 75.9 3.29306 32
637612554 RE+1_R3_CH28_B 75.9 3.29306 32
637612680 RE-1_R3_CH34_B 75.9 3.29306 32
637612682 RE+1_R3_CH34_B 75.9 3.29306 32
637616136 RE-1_R3_CH05_B 75.9 3.29306 32
637616138 RE+1_R3_CH05_B 75.9 3.29306 32
637616264 RE-1_R3_CH11_B 75.9 3.29306 32
637616266 RE+1_R3_CH11_B 75.9 3.29306 32
637616392 RE-1_R3_CH17_B 75.9 3.29306 32
637616394 RE+1_R3_CH17_B 75.9 3.29306 32
637616520 RE-1_R3_CH23_B 75.9 3.29306 32
637616522 RE+1_R3_CH23_B 75.9 3.29306 32
637616648 RE-1_R3_CH29_B 75.9 3.29306 32
637616650 RE+1_R3_CH29_B 75.9 3.29306 32
637616776 RE-1_R3_CH35_B 75.9 3.29306 32
637616778 RE+1_R3_CH35_B 75.9 3.29306 32
637620232 RE-1_R3_CH06_B 75.9 3.29306 32
637620234 RE+1_R3_CH06_B 75.9 3.29306 32
637620360 RE-1_R3_CH12_B 75.9 3.29306 32
637620362 RE+1_R3_CH12_B 75.9 3.29306 32
637620488 RE-1_R3_CH18_B 75.9 3.29306 32
637620490 RE+1_R3_CH18_B 75.9 3.29306 32
637620616 RE-1_R3_CH24_B 75.9 3.29306 32
637620618 RE+1_R3_CH24_B 75.9 3.29306 32
637620744 RE-1_R3_CH30_B 75.9 3.29306 32
637620746 RE+1_R3_CH30_B 75.9 3.29306 32
637620872 RE-1_R3_CH36_B 75.9 3.29306 32
637620874 RE+1_R3_CH36_B 75.9 3.29306 32
