637567025 W-1_RB2in_S01_Backward 76.9 2.75556 90
637567029 W+0_RB2in_S01_Backward 76.9 2.75556 90
637567033 W+1_RB2in_S01_Backward 76.9 2.75556 90
637567153 W-1_RB2in_S02_Backward 76.9 2.75556 90
637567157 W+0_RB2in_S02_Backward 76.9 2.75556 90
637567161 W+1_RB2in_S02_Backward 76.9 2.75556 90
637567285 W+0_RB2in_S03_Backward 76.9 2.75556 90
637567289 W+1_RB2in_S03_Backward 76.9 2.75556 90
637567409 W-1_RB2in_S04_Backward 76.9 2.75556 90
637567413 W+0_RB2in_S04_Backward 76.9 2.75556 90
637567537 W-1_RB2in_S05_Backward 76.9 2.75556 90
637567541 W+0_RB2in_S05_Backward 76.9 2.75556 90
637567545 W+1_RB2in_S05_Backward 76.9 2.75556 90
637567665 W-1_RB2in_S06_Backward 76.9 2.75556 90
637567669 W+0_RB2in_S06_Backward 76.9 2.75556 90
637567673 W+1_RB2in_S06_Backward 76.9 2.75556 90
637567793 W-1_RB2in_S07_Backward 76.9 2.75556 90
637567797 W+0_RB2in_S07_Backward 76.9 2.75556 90
637567801 W+1_RB2in_S07_Backward 76.9 2.75556 90
637567921 W-1_RB2in_S08_Backward 76.9 2.75556 90
637567925 W+0_RB2in_S08_Backward 76.9 2.75556 90
637567929 W+1_RB2in_S08_Backward 76.9 2.75556 90
637568049 W-1_RB2in_S09_Backward 76.9 2.75556 90
637568053 W+0_RB2in_S09_Backward 76.9 2.75556 90
637568057 W+1_RB2in_S09_Backward 76.9 2.75556 90
637568177 W-1_RB2in_S10_Backward 76.9 2.75556 90
637568181 W+0_RB2in_S10_Backward 76.9 2.75556 90
637568185 W+1_RB2in_S10_Backward 76.9 2.75556 90
637568305 W-1_RB2in_S11_Backward 76.9 2.75556 90
637568309 W+0_RB2in_S11_Backward 76.9 2.75556 90
637568313 W+1_RB2in_S11_Backward 76.9 2.75556 90
637568433 W-1_RB2in_S12_Backward 76.9 2.75556 90
637568437 W+0_RB2in_S12_Backward 76.9 2.75556 90
637568441 W+1_RB2in_S12_Backward 76.9 2.75556 90
