637569069 W-2_RB2out_S01_Backward 76.9 2.95238 84
637569085 W+2_RB2out_S01_Backward 76.9 2.95238 84
637569197 W-2_RB2out_S02_Backward 76.9 2.95238 84
637569213 W+2_RB2out_S02_Backward 76.9 2.95238 84
637569325 W-2_RB2out_S03_Backward 76.9 2.95238 84
637569341 W+2_RB2out_S03_Backward 76.9 2.95238 84
637569453 W-2_RB2out_S04_Backward 76.9 2.95238 84
637569469 W+2_RB2out_S04_Backward 76.9 2.95238 84
637569581 W-2_RB2out_S05_Backward 76.9 2.95238 84
637569597 W+2_RB2out_S05_Backward 76.9 2.95238 84
637569709 W-2_RB2out_S06_Backward 76.9 2.95238 84
637569725 W+2_RB2out_S06_Backward 76.9 2.95238 84
637569837 W-2_RB2out_S07_Backward 76.9 2.95238 84
637569853 W+2_RB2out_S07_Backward 76.9 2.95238 84
637569965 W-2_RB2out_S08_Backward 76.9 2.95238 84
637569981 W+2_RB2out_S08_Backward 76.9 2.95238 84
637570093 W-2_RB2out_S09_Backward 76.9 2.95238 84
637570109 W+2_RB2out_S09_Backward 76.9 2.95238 84
637570221 W-2_RB2out_S10_Backward 76.9 2.95238 84
637570237 W+2_RB2out_S10_Backward 76.9 2.95238 84
637570349 W-2_RB2out_S11_Backward 76.9 2.95238 84
637570365 W+2_RB2out_S11_Backward 76.9 2.95238 84
637570477 W-2_RB2out_S12_Backward 76.9 2.95238 84
637570493 W+2_RB2out_S12_Backward 76.9 2.95238 84
