637601837 W-2_RB2out_S01_Middle 79.4 2.95238 84
637601853 W+2_RB2out_S01_Middle 79.4 2.95238 84
637601965 W-2_RB2out_S02_Middle 79.4 2.95238 84
637601981 W+2_RB2out_S02_Middle 79.4 2.95238 84
637602093 W-2_RB2out_S03_Middle 79.4 2.95238 84
637602109 W+2_RB2out_S03_Middle 79.4 2.95238 84
637602221 W-2_RB2out_S04_Middle 79.4 2.95238 84
637602237 W+2_RB2out_S04_Middle 79.4 2.95238 84
637602349 W-2_RB2out_S05_Middle 79.4 2.95238 84
637602365 W+2_RB2out_S05_Middle 79.4 2.95238 84
637602477 W-2_RB2out_S06_Middle 79.4 2.95238 84
637602493 W+2_RB2out_S06_Middle 79.4 2.95238 84
637602605 W-2_RB2out_S07_Middle 79.4 2.95238 84
637602621 W+2_RB2out_S07_Middle 79.4 2.95238 84
637602733 W-2_RB2out_S08_Middle 79.4 2.95238 84
637602749 W+2_RB2out_S08_Middle 79.4 2.95238 84
637602861 W-2_RB2out_S09_Middle 79.4 2.95238 84
637602877 W+2_RB2out_S09_Middle 79.4 2.95238 84
637602989 W-2_RB2out_S10_Middle 79.4 2.95238 84
637603005 W+2_RB2out_S10_Middle 79.4 2.95238 84
637603117 W-2_RB2out_S11_Middle 79.4 2.95238 84
637603133 W+2_RB2out_S11_Middle 79.4 2.95238 84
637603245 W-2_RB2out_S12_Middle 79.4 2.95238 84
637603261 W+2_RB2out_S12_Middle 79.4 2.95238 84
