637599793 W-1_RB2in_S01_Middle 79.4 2.75556 90
637599797 W+0_RB2in_S01_Middle 79.4 2.75556 90
637599801 W+1_RB2in_S01_Middle 79.4 2.75556 90
637599921 W-1_RB2in_S02_Middle 79.4 2.75556 90
637599925 W+0_RB2in_S02_Middle 79.4 2.75556 90
637599929 W+1_RB2in_S02_Middle 79.4 2.75556 90
637600049 W-1_RB2in_S03_Middle 79.4 2.75556 90
637600053 W+0_RB2in_S03_Middle 79.4 2.75556 90
637600057 W+1_RB2in_S03_Middle 79.4 2.75556 90
637600177 W-1_RB2in_S04_Middle 79.4 2.75556 90
637600181 W+0_RB2in_S04_Middle 79.4 2.75556 90
637600185 W+1_RB2in_S04_Middle 79.4 2.75556 90
637600305 W-1_RB2in_S05_Middle 79.4 2.75556 90
637600309 W+0_RB2in_S05_Middle 79.4 2.75556 90
637600313 W+1_RB2in_S05_Middle 79.4 2.75556 90
637600433 W-1_RB2in_S06_Middle 79.4 2.75556 90
637600437 W+0_RB2in_S06_Middle 79.4 2.75556 90
637600441 W+1_RB2in_S06_Middle 79.4 2.75556 90
637600561 W-1_RB2in_S07_Middle 79.4 2.75556 90
637600565 W+0_RB2in_S07_Middle 79.4 2.75556 90
637600569 W+1_RB2in_S07_Middle 79.4 2.75556 90
637600689 W-1_RB2in_S08_Middle 79.4 2.75556 90
637600693 W+0_RB2in_S08_Middle 79.4 2.75556 90
637600697 W+1_RB2in_S08_Middle 79.4 2.75556 90
637600817 W-1_RB2in_S09_Middle 79.4 2.75556 90
637600821 W+0_RB2in_S09_Middle 79.4 2.75556 90
637600825 W+1_RB2in_S09_Middle 79.4 2.75556 90
637600945 W-1_RB2in_S10_Middle 79.4 2.75556 90
637600949 W+0_RB2in_S10_Middle 79.4 2.75556 90
637600953 W+1_RB2in_S10_Middle 79.4 2.75556 90
637601073 W-1_RB2in_S11_Middle 79.4 2.75556 90
637601077 W+0_RB2in_S11_Middle 79.4 2.75556 90
637601081 W+1_RB2in_S11_Middle 79.4 2.75556 90
637601201 W-1_RB2in_S12_Middle 79.4 2.75556 90
637601205 W+0_RB2in_S12_Middle 79.4 2.75556 90
637601209 W+1_RB2in_S12_Middle 79.4 2.75556 90
