637632516 RE-1_R2_CH01_C 79.4 1.73672 32
637632518 RE+1_R2_CH01_C 79.4 1.73672 32
637632644 RE-1_R2_CH07_C 79.4 1.73672 32
637632646 RE+1_R2_CH07_C 79.4 1.73672 32
637632772 RE-1_R2_CH13_C 79.4 1.73672 32
637632774 RE+1_R2_CH13_C 79.4 1.73672 32
637632900 RE-1_R2_CH19_C 79.4 1.73672 32
637632902 RE+1_R2_CH19_C 79.4 1.73672 32
637633028 RE-1_R2_CH25_C 79.4 1.73672 32
637633030 RE+1_R2_CH25_C 79.4 1.73672 32
637633156 RE-1_R2_CH31_C 79.4 1.73672 32
637633158 RE+1_R2_CH31_C 79.4 1.73672 32
637636612 RE-1_R2_CH02_C 79.4 1.73672 32
637636614 RE+1_R2_CH02_C 79.4 1.73672 32
637636740 RE-1_R2_CH08_C 79.4 1.73672 32
637636742 RE+1_R2_CH08_C 79.4 1.73672 32
637636868 RE-1_R2_CH14_C 79.4 1.73672 32
637636870 RE+1_R2_CH14_C 79.4 1.73672 32
637636996 RE-1_R2_CH20_C 79.4 1.73672 32
637636998 RE+1_R2_CH20_C 79.4 1.73672 32
637637124 RE-1_R2_CH26_C 79.4 1.73672 32
637637126 RE+1_R2_CH26_C 79.4 1.73672 32
637637252 RE-1_R2_CH32_C 79.4 1.73672 32
637637254 RE+1_R2_CH32_C 79.4 1.73672 32
637640708 RE-1_R2_CH03_C 79.4 1.73672 32
637640710 RE+1_R2_CH03_C 79.4 1.73672 32
637640836 RE-1_R2_CH09_C 79.4 1.73672 32
637640838 RE+1_R2_CH09_C 79.4 1.73672 32
637640964 RE-1_R2_CH15_C 79.4 1.73672 32
637640966 RE+1_R2_CH15_C 79.4 1.73672 32
637641092 RE-1_R2_CH21_C 79.4 1.73672 32
637641094 RE+1_R2_CH21_C 79.4 1.73672 32
637641220 RE-1_R2_CH27_C 79.4 1.73672 32
637641222 RE+1_R2_CH27_C 79.4 1.73672 32
637641348 RE-1_R2_CH33_C 79.4 1.73672 32
637641350 RE+1_R2_CH33_C 79.4 1.73672 32
637644804 RE-1_R2_CH04_C 79.4 1.73672 32
637644806 RE+1_R2_CH04_C 79.4 1.73672 32
637644932 RE-1_R2_CH10_C 79.4 1.73672 32
637644934 RE+1_R2_CH10_C 79.4 1.73672 32
637645060 RE-1_R2_CH16_C 79.4 1.73672 32
637645062 RE+1_R2_CH16_C 79.4 1.73672 32
637645188 RE-1_R2_CH22_C 79.4 1.73672 32
637645190 RE+1_R2_CH22_C 79.4 1.73672 32
637645316 RE-1_R2_CH28_C 79.4 1.73672 32
637645318 RE+1_R2_CH28_C 79.4 1.73672 32
637645444 RE-1_R2_CH34_C 79.4 1.73672 32
637645446 RE+1_R2_CH34_C 79.4 1.73672 32
637648900 RE-1_R2_CH05_C 79.4 1.73672 32
637648902 RE+1_R2_CH05_C 79.4 1.73672 32
637649028 RE-1_R2_CH11_C 79.4 1.73672 32
637649030 RE+1_R2_CH11_C 79.4 1.73672 32
637649156 RE-1_R2_CH17_C 79.4 1.73672 32
637649158 RE+1_R2_CH17_C 79.4 1.73672 32
637649284 RE-1_R2_CH23_C 79.4 1.73672 32
637649286 RE+1_R2_CH23_C 79.4 1.73672 32
637649412 RE-1_R2_CH29_C 79.4 1.73672 32
637649414 RE+1_R2_CH29_C 79.4 1.73672 32
637649540 RE-1_R2_CH35_C 79.4 1.73672 32
637649542 RE+1_R2_CH35_C 79.4 1.73672 32
637652996 RE-1_R2_CH06_C 79.4 1.73672 32
637652998 RE+1_R2_CH06_C 79.4 1.73672 32
637653124 RE-1_R2_CH12_C 79.4 1.73672 32
637653126 RE+1_R2_CH12_C 79.4 1.73672 32
637653252 RE-1_R2_CH18_C 79.4 1.73672 32
637653254 RE+1_R2_CH18_C 79.4 1.73672 32
637653380 RE-1_R2_CH24_C 79.4 1.73672 32
637653382 RE+1_R2_CH24_C 79.4 1.73672 32
637653508 RE-1_R2_CH30_C 79.4 1.73672 32
637653510 RE+1_R2_CH30_C 79.4 1.73672 32
637653636 RE-1_R2_CH36_C 79.4 1.73672 32
637653638 RE+1_R2_CH36_C 79.4 1.73672 32
