637634605 W-2_RB2out_S01_Forward 85.2 2.95238 84
637634621 W+2_RB2out_S01_Forward 85.2 2.95238 84
637634733 W-2_RB2out_S02_Forward 85.2 2.95238 84
637634749 W+2_RB2out_S02_Forward 85.2 2.95238 84
637634861 W-2_RB2out_S03_Forward 85.2 2.95238 84
637634877 W+2_RB2out_S03_Forward 85.2 2.95238 84
637634989 W-2_RB2out_S04_Forward 85.2 2.95238 84
637635005 W+2_RB2out_S04_Forward 85.2 2.95238 84
637635117 W-2_RB2out_S05_Forward 85.2 2.95238 84
637635133 W+2_RB2out_S05_Forward 85.2 2.95238 84
637635245 W-2_RB2out_S06_Forward 85.2 2.95238 84
637635261 W+2_RB2out_S06_Forward 85.2 2.95238 84
637635373 W-2_RB2out_S07_Forward 85.2 2.95238 84
637635389 W+2_RB2out_S07_Forward 85.2 2.95238 84
637635501 W-2_RB2out_S08_Forward 85.2 2.95238 84
637635517 W+2_RB2out_S08_Forward 85.2 2.95238 84
637635629 W-2_RB2out_S09_Forward 85.2 2.95238 84
637635645 W+2_RB2out_S09_Forward 85.2 2.95238 84
637635757 W-2_RB2out_S10_Forward 85.2 2.95238 84
637635773 W+2_RB2out_S10_Forward 85.2 2.95238 84
637635885 W-2_RB2out_S11_Forward 85.2 2.95238 84
637635901 W+2_RB2out_S11_Forward 85.2 2.95238 84
637636013 W-2_RB2out_S12_Forward 85.2 2.95238 84
637636029 W+2_RB2out_S12_Forward 85.2 2.95238 84
