637632561 W-1_RB2in_S01_Forward 85.2 2.75556 90
637632565 W+0_RB2in_S01_Forward 85.2 2.75556 90
637632569 W+1_RB2in_S01_Forward 85.2 2.75556 90
637632689 W-1_RB2in_S02_Forward 85.2 2.75556 90
637632693 W+0_RB2in_S02_Forward 85.2 2.75556 90
637632697 W+1_RB2in_S02_Forward 85.2 2.75556 90
637632821 W+0_RB2in_S03_Forward 85.2 2.75556 90
637632825 W+1_RB2in_S03_Forward 85.2 2.75556 90
637632945 W-1_RB2in_S04_Forward 85.2 2.75556 90
637632949 W+0_RB2in_S04_Forward 85.2 2.75556 90
637633073 W-1_RB2in_S05_Forward 85.2 2.75556 90
637633077 W+0_RB2in_S05_Forward 85.2 2.75556 90
637633081 W+1_RB2in_S05_Forward 85.2 2.75556 90
637633201 W-1_RB2in_S06_Forward 85.2 2.75556 90
637633205 W+0_RB2in_S06_Forward 85.2 2.75556 90
637633209 W+1_RB2in_S06_Forward 85.2 2.75556 90
637633329 W-1_RB2in_S07_Forward 85.2 2.75556 90
637633333 W+0_RB2in_S07_Forward 85.2 2.75556 90
637633337 W+1_RB2in_S07_Forward 85.2 2.75556 90
637633457 W-1_RB2in_S08_Forward 85.2 2.75556 90
637633461 W+0_RB2in_S08_Forward 85.2 2.75556 90
637633465 W+1_RB2in_S08_Forward 85.2 2.75556 90
637633585 W-1_RB2in_S09_Forward 85.2 2.75556 90
637633589 W+0_RB2in_S09_Forward 85.2 2.75556 90
637633593 W+1_RB2in_S09_Forward 85.2 2.75556 90
637633713 W-1_RB2in_S10_Forward 85.2 2.75556 90
637633717 W+0_RB2in_S10_Forward 85.2 2.75556 90
637633721 W+1_RB2in_S10_Forward 85.2 2.75556 90
637633841 W-1_RB2in_S11_Forward 85.2 2.75556 90
637633845 W+0_RB2in_S11_Forward 85.2 2.75556 90
637633849 W+1_RB2in_S11_Forward 85.2 2.75556 90
637633969 W-1_RB2in_S12_Forward 85.2 2.75556 90
637633973 W+0_RB2in_S12_Forward 85.2 2.75556 90
637633977 W+1_RB2in_S12_Forward 85.2 2.75556 90
