108521    1.82272   1.0421   20.03   0.973206   1.63025   1.15717   21.4787   0.78163
108526    1.80109   0.980543   19.9741   0.987051   1.55512   1.10597   21.6224   0.69372
108562    1.80287   0.96686   19.9992   0.98398   1.56141   1.11159   21.6066   0.741466
108597    1.80545   0.972258   20.007   0.989481   1.56982   1.13802   21.6422   0.70087
108624    1.81469   0.972578   20.015   0.986584   1.56972   1.12678   21.6363   0.746256
108645    1.83412   0.975008   20.0246   0.985283   1.57792   1.14067   21.6747   0.717784
108671    1.80233   0.988787   19.8679   0.921856   1.55377   1.11756   21.2833   0.857731
108681    1.85313   1.03021   19.8844   0.955357   1.69716   1.23886   21.1058   0.898834
108686    1.7713   0.987987   19.9294   0.957393   1.5364   1.09893   21.2641   0.784811
108741    1.76445   0.987987   19.9135   0.943998   1.53515   1.09796   21.2246   0.829102
108794    1.77828   1.00975   19.7996   0.939758   1.55464   1.15255   21.1282   0.89622
108852    1.81096   1.08772   20.0466   0.899155   1.78671   1.235   21.1921   0.630023
108856    1.86201   1.09978   20.0976   0.943651   1.80308   1.51391   20.8997   0.939209
108859    1.75214   0.974325   19.9528   0.9741   1.5316   1.09521   21.2057   0.803228
108889    1.7611   0.962692   19.966   0.991551   1.5821   1.16468   21.1805   0.894667
108934    1.72925   0.976158   20.0008   0.98262   1.5397   1.10993   21.1872   0.790498
108959    1.77376   0.986522   19.9674   0.983956   1.54875   1.09964   20.9618   0.816393
109046    1.80062   0.983407   19.9266   0.97009   1.53658   1.10013   21.1482   0.769619
109049    1.81529   0.988731   19.9661   0.989953   1.51876   1.08662   21.1587   0.76825
109112    2.02217   1.18003   20.2995   0.926125   1.99404   1.3256   21.0273   0.900597
109131    2.08304   1.21694   20.2647   0.922828   2.10672   1.45005   21.2455   0.844623
109134    1.97075   1.21149   20.2758   0.880893   1.62402   1.16626   20.77   0.872983
109146    1.80305   0.999467   20.0233   1.00605   1.52831   1.10173   21.1854   0.78718
109459    2.56466   1.50305   20.2509   0.958769   2.38627   1.62465   20.75   0.7926
109468    1.91756   1.0145   20.0666   1.01245   1.60203   1.17624   21.2672   0.775124
109470    1.94333   1.01731   20.0718   1.01649   1.59455   1.16698   21.249   0.809291
109474    1.96616   1.02912   20.0745   1.01616   1.6211   1.196   21.2595   0.83659
109490    1.99365   1.02322   20.0816   1.02049   1.66025   1.25075   21.1515   0.857693
109508    1.97543   1.02625   20.0893   1.01595   1.62105   1.19958   21.257   0.789842
109519    1.94273   1.01319   20.0937   1.01592   1.61544   1.19329   21.2559   0.779635
109524    1.99501   1.02787   20.1219   1.0128   1.62623   1.19191   21.2956   0.783359
109562    1.98797   1.01261   20.0621   1.01211   1.56467   1.12022   21.2259   0.792924
109573    1.97189   1.00624   19.9255   0.999645   1.55385   1.0656   21.1658   0.896158
109575    1.90269   1.01951   20.2085   0.945998   2.37803   1.65986   21.2734   0.911883
109578    1.8857   0.961861   20.0418   1.00633   1.58067   1.10698   21.4745   0.688072
109586    0.7   0   20.9123   0.865773   0   0   21.1759   0.537394
109589    1.73605   0.916604   20.0983   0.961361   2.37582   0.782858   21.4929   0.730344
109603    1.60861   0.925132   20.1573   0.97167   1.4091   1.11179   21.5131   0.726588
109606    1.65645   0.94273   20.2161   1.04412   1.37326   1.07867   21.5343   0.757094
109616    1.59698   0.906464   20.2221   1.00154   1.63743   1.23733   21.4662   0.74276
109624    1.56672   0.904838   20.2276   1.00131   1.38625   1.0977   21.5437   0.751341
109718    1.49657   0.878888   20.1034   1.01406   1.32992   1.0539   21.2491   0.784098
109747    1.49375   0.871858   20.0964   1.01447   1.32346   1.03036   21.126   0.796757
109784    1.493   0.880657   20.0894   1.01122   1.27125   1.00806   20.8478   0.754862
109807    1.3411   0.685644   20.4512   1.03602   1.71044   1.46338   20.6   0.485798
109815    1.46341   0.843992   20.0839   1.00784   1.26242   0.962737   21.0731   0.816553
109817    1.48397   0.846349   20.056   1.02661   1.31545   0.980078   21.1649   0.75877
109829    1.78181   0.985326   20.1086   1.00969   1.56971   1.18865   21.1468   0.82085
109839    1.87783   1.2097   20.1183   1.01514   1.5417   1.16222   21.217   0.817066
109844    1.80429   0.980661   20.1211   1.01498   1.56896   1.16265   21.197   0.786881
109861    1.82031   0.987611   20.1197   1.02272   1.5172   1.11397   20.9731   0.844838
109887    1.7567   0.952683   20.0482   1.01711   1.46704   1.0836   21.1526   0.776885
109897    1.66199   0.890931   20.0968   1.01677   1.39187   0.973482   21.1702   0.782767
109911    1.71304   0.938077   20.2845   1.06024   2.14961   1.35333   20.8714   0.740104
110195    1.65944   0.895286   20.1228   1.01402   1.39207   0.959428   21.1099   0.813245
110217    1.69268   0.908929   20.1281   1.02081   1.39055   0.932067   21.0894   0.848548
110219    1.66094   0.899803   20.1186   1.01239   1.4024   0.979377   21.1836   0.76059
110232    1.9681   1.00741   20.1932   1.11851   2.44302   1.39051   20.85   0.350001
110286    1.77754   0.991701   20.1213   0.808355   2.01593   1.61454   21.2421   0.891666
110290    2.1782   1.26945   20.2856   0.905272   2.32911   1.67562   20.44   0.801499
110308    1.8751   1.03042   20.0088   0.975438   1.50932   1.0748   21.1729   0.764336
110315    1.87271   1.02094   20.0577   0.9963   1.25777   0.89771   21.1887   0.825421
110395    2.26815   1.34546   20.3192   0.996219   1.99599   1.48754   21   0.489898
110407    1.87156   1.0503   20.2528   1.03168   1.24237   0.988436   21.1852   0.950518
110409    1.85996   1.02467   20.1581   1.04014   1.2344   0.911318   21.1778   0.842851
110419    1.89665   1.01621   20.1874   1.03941   1.43342   1.00868   21.1298   0.789906
110428    2.15873   1.07969   20.5569   1.0044   1.88779   1.54032   21.25   0.464579
110431    1.86394   1.01823   20.2434   0.982628   1.55264   1.1547   21.2951   0.78129
110437    1.85474   1.01001   20.2903   0.993705   1.55049   1.15692   21.2973   0.764989
110440    1.45755   1.00052   21.1396   0.679258   1.65458   1.27669   20.9111   0.807527
110452    0   0   0   0   0   0   0   0
110520    0   0   0   0   0   0   0   0
