108521 9.2 210
108526 9.2 210
108562 9.2 210
108597 9.2 210
108624 9.2 210
108645 9.2 210
108671 9.2 220
108681 9.2 220
108686 9.2 220
108741 9.2 220
108794 9.2 220
108852 9.2 220
108856 9.2 220
108859 9.2 220
108889 9.2 220
108934 9.2 220
108959 9.2 220
109046 9.2 220
109049 9.2 220
109112 9.2 220
109131 9.2 220
109134 9.2 220
109146 9.2 220
109459 9.2 220
109468 9.2 220
109470 9.2 220
109474 9.2 220
109490 9.2 220
109508 9.2 220
109519 9.3 220
109524 9.3 220
109562 9.3 220
109573 9.3 220
109575 9.3 220
109578 9.3 220
109586 9.3 220
109589 9.1 220
109603 9.1 220
109606 9.1 220
109616 9.1 220
109624 9.1 220
109718 9.1 220
109721 9.1 220
109747 9.1 220
109784 9.0 220
109807 9.0 220
109815 9.0 220
109817 9.0 220
109826 9.0 220
109829 9.0 220
109839 9.0 220
109844 9.0 220
109861 9.0 220
109887 8.8 220
109897 8.8 220
109905 8.8 220
109908 8.8 220
109911 8.8 220
110195 8.8 220
110213 8.8 220
110217 8.8 220
110219 8.8 220
110232 8.8 220
110286 8.8 220
110290 8.8 220
110308 8.8 220
110315 8.8 220
110395 9.4 220
110397 9.4 220
110407 9.4 220
110409 9.4 220
110419 9.4 220
110428 9.4 220
110431 9.4 220
110437 9.4 220
110440 9.4 220
110452 9.4 220
110520 9.4 210
